col1|col2|col3|col4|col5|col6|col7|col8
1031|1|50|4|200|0|0.00|0
1031|2|100|14|3,10|0|0.00|0
1031|3|200|5|150|0|0.00|0
1031|4|400|14|4,10|0|0.00|0
1032|1|50|4|200|0|0.00|0
1032|2|100|14|3,10|0|0.00|0
1032|3|200|5|150|0|0.00|0
1032|4|400|14|4,10|0|0.00|0
1406|1|50|4|200|0|0.00|0
1406|2|100|14|3,10|0|0.00|0
1406|3|200|5|150|0|0.00|0
1406|4|400|14|4,10|0|0.00|0
1033|1|50|4|200|0|0.00|0
1033|2|100|14|3,10|0|0.00|0
1033|3|200|5|150|0|0.00|0
1033|4|400|14|4,10|0|0.00|0
1034|1|50|4|200|0|0.00|0
1034|2|100|14|3,10|0|0.00|0
1034|3|200|5|150|0|0.00|0
1034|4|400|14|4,10|0|0.00|0
1407|1|50|4|200|0|0.00|0
1407|2|100|14|3,10|0|0.00|0
1407|3|200|5|150|0|0.00|0
1407|4|400|14|4,10|0|0.00|0
1035|1|50|4|200|0|0.00|0
1035|2|100|14|3,10|0|0.00|0
1035|3|200|5|150|0|0.00|0
1035|4|400|14|4,10|0|0.00|0
1036|1|50|4|200|0|0.00|0
1036|2|100|14|3,10|0|0.00|0
1036|3|200|5|150|0|0.00|0
1036|4|400|14|4,10|0|0.00|0
1408|1|50|4|200|0|0.00|0
1408|2|100|14|3,10|0|0.00|0
1408|3|200|5|150|0|0.00|0
1408|4|400|14|4,10|0|0.00|0
1037|1|50|4|200|0|0.00|0
1037|2|100|14|3,10|0|0.00|0
1037|3|200|5|150|0|0.00|0
1037|4|400|14|4,10|0|0.00|0
1038|1|50|4|200|0|0.00|0
1038|2|100|14|3,10|0|0.00|0
1038|3|200|5|150|0|0.00|0
1038|4|400|14|4,10|0|0.00|0
1409|1|50|4|200|0|0.00|0
1409|2|100|14|3,10|0|0.00|0
1409|3|200|5|150|0|0.00|0
1409|4|400|14|4,10|0|0.00|0
1039|1|50|4|200|0|0.00|0
1039|2|100|14|3,10|0|0.00|0
1039|3|200|5|150|0|0.00|0
1039|4|400|14|4,10|0|0.00|0
1040|1|50|4|200|0|0.00|0
1040|2|100|14|3,10|0|0.00|0
1040|3|200|5|150|0|0.00|0
1040|4|400|14|4,10|0|0.00|0
1410|1|50|4|200|0|0.00|0
1410|2|100|14|3,10|0|0.00|0
1410|3|200|5|150|0|0.00|0
1410|4|400|14|4,10|0|0.00|0
1041|5|0|10010|10010|1|1.10|4365
1041|1|50|6|50|0|0.00|0
1041|2|150|14|4,10|0|0.00|0
1041|3|300|5|120|0|0.00|0
1041|4|500|21|1,25|0|0.00|0
1042|5|0|10011|10011|1|1.10|4368
1042|1|50|5|90|0|0.00|0
1042|2|150|22|592|0|0.00|0
1042|3|300|4|340|0|0.00|0
1042|4|500|22|180|0|0.00|0
1043|5|0|10012|10012|1|1.10|4364
1043|1|50|6|50|0|0.00|0
1043|2|150|9|2|0|0.00|0
1043|3|300|5|120|0|0.00|0
1043|4|500|14|4,10|0|0.00|0
1044|5|0|10013|10013|1|1.10|4366
1044|1|50|5|90|0|0.00|0
1044|2|150|22|592|0|0.00|0
1044|3|300|4|340|0|0.00|0
1044|4|500|22|180|0|0.00|0
1045|5|0|10014|10014|1|1.10|4367
1045|1|50|5|90|0|0.00|0
1045|2|150|14|4,10|0|0.00|0
1045|3|300|4|340|0|0.00|0
1045|4|500|22|845|0|0.00|0
1056|1|50|4|300|0|0.00|0
1056|2|150|21|1,25|0|0.00|0
1056|3|300|5|180|0|0.00|0
1056|4|500|32|3,1,15|0|0.00|0
1057|1|50|4|300|0|0.00|0
1057|2|150|21|1,25|0|0.00|0
1057|3|300|5|180|0|0.00|0
1057|4|500|32|3,1,15|0|0.00|0
1336|1|50|4|300|0|0.00|0
1336|2|150|21|1,25|0|0.00|0
1336|3|300|5|180|0|0.00|0
1336|4|500|32|3,1,15|0|0.00|0
1058|1|50|5|140|0|0.00|0
1058|2|150|14|3,10|0|0.00|0
1058|3|300|4|340|0|0.00|0
1058|4|500|21|2,40|0|0.00|0
1059|1|50|5|140|0|0.00|0
1059|2|150|14|3,10|0|0.00|0
1059|3|300|4|340|0|0.00|0
1059|4|500|21|2,40|0|0.00|0
1337|1|50|5|140|0|0.00|0
1337|2|150|14|3,10|0|0.00|0
1337|3|300|4|340|0|0.00|0
1337|4|500|21|2,40|0|0.00|0
1060|1|50|5|140|0|0.00|0
1060|2|150|14|3,10|0|0.00|0
1060|3|300|4|340|0|0.00|0
1060|4|500|14|3,10|0|0.00|0
1061|1|50|5|140|0|0.00|0
1061|2|150|14|3,10|0|0.00|0
1061|3|300|4|340|0|0.00|0
1061|4|500|14|3,10|0|0.00|0
1338|1|50|5|140|0|0.00|0
1338|2|150|14|3,10|0|0.00|0
1338|3|300|4|340|0|0.00|0
1338|4|500|14|3,10|0|0.00|0
1062|1|50|4|300|0|0.00|0
1062|2|150|14|3,10|0|0.00|0
1062|3|300|5|180|0|0.00|0
1062|4|500|14|3,10|0|0.00|0
1063|1|50|4|300|0|0.00|0
1063|2|150|14|3,10|0|0.00|0
1063|3|300|5|180|0|0.00|0
1063|4|500|14|3,10|0|0.00|0
1339|1|50|4|300|0|0.00|0
1339|2|150|14|3,10|0|0.00|0
1339|3|300|5|180|0|0.00|0
1339|4|500|14|3,10|0|0.00|0
1064|1|50|5|140|0|0.00|0
1064|2|150|33|3,5,15|0|0.00|0
1064|3|300|4|340|0|0.00|0
1064|4|500|32|3,5,15|0|0.00|0
1065|1|50|5|140|0|0.00|0
1065|2|150|33|3,5,15|0|0.00|0
1065|3|300|4|340|0|0.00|0
1065|4|500|32|3,5,15|0|0.00|0
1340|1|50|5|140|0|0.00|0
1340|2|150|33|3,5,15|0|0.00|0
1340|3|300|4|340|0|0.00|0
1340|4|500|32|3,5,15|0|0.00|0
1082|1|100|5|120|0|0.00|0
1082|2|200|14|4,10|0|0.00|0
1082|3|350|4|550|0|0.00|0
1082|4|600|8|2|0|0.00|0
1084|1|100|6|50|0|0.00|0
1084|2|200|14|4,10|0|0.00|0
1084|3|350|5|120|0|0.00|0
1084|4|600|8|2|0|0.00|0
1086|1|100|4|200|0|0.00|0
1086|2|200|14|4,10|0|0.00|0
1086|3|350|5|160|0|0.00|0
1086|4|600|8|2|0|0.00|0
1087|1|100|5|120|0|0.00|0
1087|2|200|10|902|0|0.00|0
1087|3|350|4|380|0|0.00|0
1087|4|600|11|874|0|0.00|0
1088|1|100|5|120|0|0.00|0
1088|2|200|14|4,10|0|0.00|0
1088|3|350|4|380|0|0.00|0
1088|4|600|8|1|0|0.00|0
1091|1|50|4|110|0|0.00|0
1091|2|150|14|4,10|0|0.00|0
1091|3|300|5|110|0|0.00|0
1091|4|500|21|6,25|0|0.00|0
1092|1|50|5|150|0|0.00|0
1092|2|150|15|4,10|0|0.00|0
1092|3|300|4|220|0|0.00|0
1092|4|500|14|4,10|0|0.00|0
1093|1|50|4|110|0|0.00|0
1093|2|150|15|4,10|0|0.00|0
1093|3|300|5|110|0|0.00|0
1093|4|500|14|4,10|0|0.00|0
1094|1|50|6|60|0|0.00|0
1094|2|150|14|4,10|0|0.00|0
1094|3|300|5|150|0|0.00|0
1094|4|500|9|2|0|0.00|0
1095|1|50|4|80|0|0.00|0
1095|2|150|14|3,5|0|0.00|0
1095|3|300|5|200|0|0.00|0
1095|4|500|14|4,10|0|0.00|0
1096|1|50|4|110|0|0.00|0
1096|2|150|15|4,10|0|0.00|0
1096|3|300|5|110|0|0.00|0
1096|4|500|14|4,10|0|0.00|0
1097|1|50|4|110|0|0.00|0
1097|2|150|15|4,10|0|0.00|0
1097|3|300|5|110|0|0.00|0
1097|4|500|14|4,10|0|0.00|0
1101|1|50|4|90|0|0.00|0
1101|2|150|9|2|0|0.00|0
1101|3|300|5|180|0|0.00|0
1101|4|500|14|3,10|0|0.00|0
1102|1|50|4|90|0|0.00|0
1102|2|150|9|2|0|0.00|0
1102|3|300|5|180|0|0.00|0
1102|4|500|14|3,10|0|0.00|0
1351|1|50|4|90|0|0.00|0
1351|2|150|9|2|0|0.00|0
1351|3|300|5|180|0|0.00|0
1351|4|500|14|3,10|0|0.00|0
1103|1|50|4|90|0|0.00|0
1103|2|150|9|2|0|0.00|0
1103|3|300|5|180|0|0.00|0
1103|4|500|14|3,10|0|0.00|0
1104|1|50|4|90|0|0.00|0
1104|2|150|9|2|0|0.00|0
1104|3|300|5|180|0|0.00|0
1104|4|500|14|3,10|0|0.00|0
1352|1|50|4|90|0|0.00|0
1352|2|150|9|2|0|0.00|0
1352|3|300|5|180|0|0.00|0
1352|4|500|14|3,10|0|0.00|0
1105|1|50|4|90|0|0.00|0
1105|2|150|9|2|0|0.00|0
1105|3|300|5|180|0|0.00|0
1105|4|500|14|3,10|0|0.00|0
1106|1|50|4|90|0|0.00|0
1106|2|150|9|2|0|0.00|0
1106|3|300|5|180|0|0.00|0
1106|4|500|14|3,10|0|0.00|0
1353|1|50|4|90|0|0.00|0
1353|2|150|9|2|0|0.00|0
1353|3|300|5|180|0|0.00|0
1353|4|500|14|3,10|0|0.00|0
1107|1|50|4|90|0|0.00|0
1107|2|150|14|4,10|0|0.00|0
1107|3|300|5|180|0|0.00|0
1107|4|500|19|5,1|0|0.00|0
1108|1|50|4|90|0|0.00|0
1108|2|150|14|4,10|0|0.00|0
1108|3|300|5|180|0|0.00|0
1108|4|500|19|5,1|0|0.00|0
1354|1|50|4|90|0|0.00|0
1354|2|150|14|4,10|0|0.00|0
1354|3|300|5|180|0|0.00|0
1354|4|500|19|5,1|0|0.00|0
1109|1|50|4|90|0|0.00|0
1109|2|150|14|4,10|0|0.00|0
1109|3|300|5|180|0|0.00|0
1109|4|500|19|5,1|0|0.00|0
1110|1|50|4|90|0|0.00|0
1110|2|150|14|4,10|0|0.00|0
1110|3|300|5|180|0|0.00|0
1110|4|500|19|5,1|0|0.00|0
1355|1|50|4|90|0|0.00|0
1355|2|150|14|4,10|0|0.00|0
1355|3|300|5|180|0|0.00|0
1355|4|500|19|5,1|0|0.00|0
1126|5|0|10015|10015|1|1.10|5123
1126|1|50|4|90|0|0.00|0
1126|2|150|22|592|0|0.00|0
1126|3|300|5|180|0|0.00|0
1126|4|500|22|180|0|0.00|0
1127|1|50|4|90|0|0.00|0
1127|2|150|8|2|0|0.00|0
1127|3|300|5|180|0|0.00|0
1127|4|500|11|1353|0|0.00|0
1127|5|0|10016|10016|1|1.10|5126
1128|1|50|4|90|0|0.00|0
1128|2|150|14|3,10|0|0.00|0
1128|3|300|5|180|0|0.00|0
1128|4|500|11|1391|0|0.00|0
1128|5|0|10017|10017|1|1.10|5125
1129|5|0|10018|10018|1|1.10|5122
1129|1|50|4|90|0|0.00|0
1129|2|150|15|3,10|0|0.00|0
1129|3|300|5|180|0|0.00|0
1129|4|500|14|4,10|0|0.00|0
1130|5|0|10019|10019|1|1.10|5124
1130|1|50|4|90|0|0.00|0
1130|2|150|9|4|0|0.00|0
1130|3|300|5|180|0|0.00|0
1130|4|500|34|4,8,15|0|0.00|0
1136|1|50|5|90|0|0.00|0
1136|2|150|15|3,10|0|0.00|0
1136|3|300|4|180|0|0.00|0
1136|4|500|14|3,10|0|0.00|0
1137|1|50|5|90|0|0.00|0
1137|2|150|15|3,10|0|0.00|0
1137|3|300|4|180|0|0.00|0
1137|4|500|14|3,10|0|0.00|0
1375|1|50|5|90|0|0.00|0
1375|2|150|15|3,10|0|0.00|0
1375|3|300|4|180|0|0.00|0
1375|4|500|14|3,10|0|0.00|0
1138|1|50|5|90|0|0.00|0
1138|2|150|14|3,10|0|0.00|0
1138|3|300|4|180|0|0.00|0
1138|4|500|21|2,25|0|0.00|0
1139|1|50|5|90|0|0.00|0
1139|2|150|14|3,10|0|0.00|0
1139|3|300|4|180|0|0.00|0
1139|4|500|21|2,25|0|0.00|0
1376|1|50|5|90|0|0.00|0
1376|2|150|14|3,10|0|0.00|0
1376|3|300|4|180|0|0.00|0
1376|4|500|21|2,25|0|0.00|0
1140|1|50|5|90|0|0.00|0
1140|2|150|14|3,10|0|0.00|0
1140|3|300|4|180|0|0.00|0
1140|4|500|21|3,25|0|0.00|0
1141|1|50|5|90|0|0.00|0
1141|2|150|14|3,10|0|0.00|0
1141|3|300|4|180|0|0.00|0
1141|4|500|21|3,25|0|0.00|0
1377|1|50|5|90|0|0.00|0
1377|2|150|14|3,10|0|0.00|0
1377|3|300|4|180|0|0.00|0
1377|4|500|21|3,25|0|0.00|0
1142|1|50|5|90|0|0.00|0
1142|2|150|14|3,10|0|0.00|0
1142|3|300|4|180|0|0.00|0
1142|4|500|14|4,10|0|0.00|0
1143|1|50|5|90|0|0.00|0
1143|2|150|14|3,10|0|0.00|0
1143|3|300|4|180|0|0.00|0
1143|4|500|14|4,10|0|0.00|0
1378|1|50|5|90|0|0.00|0
1378|2|150|14|3,10|0|0.00|0
1378|3|300|4|180|0|0.00|0
1378|4|500|14|4,10|0|0.00|0
1144|1|50|5|90|0|0.00|0
1144|2|150|15|3,10|0|0.00|0
1144|3|300|4|180|0|0.00|0
1144|4|500|14|3,10|0|0.00|0
1145|1|50|5|90|0|0.00|0
1145|2|150|15|3,10|0|0.00|0
1145|3|300|4|180|0|0.00|0
1145|4|500|14|3,10|0|0.00|0
1379|1|50|5|90|0|0.00|0
1379|2|150|15|3,10|0|0.00|0
1379|3|300|4|180|0|0.00|0
1379|4|500|14|3,10|0|0.00|0
1166|1|50|4|120|0|0.00|0
1166|2|150|15|3,10|0|0.00|0
1166|3|300|5|90|0|0.00|0
1166|4|500|14|3,10|0|0.00|0
1167|1|50|4|120|0|0.00|0
1167|2|150|15|3,10|0|0.00|0
1167|3|300|5|90|0|0.00|0
1167|4|500|14|3,10|0|0.00|0
2041|1|50|4|120|0|0.00|0
2041|2|150|15|3,10|0|0.00|0
2041|3|300|5|90|0|0.00|0
2041|4|500|14|3,10|0|0.00|0
2042|1|50|4|120|0|0.00|0
2042|2|150|15|3,10|0|0.00|0
2042|3|300|5|90|0|0.00|0
2042|4|500|14|3,10|0|0.00|0
1168|1|50|4|120|0|0.00|0
1168|2|150|15|3,10|0|0.00|0
1168|3|300|5|90|0|0.00|0
1168|4|500|14|3,10|0|0.00|0
1169|1|50|4|120|0|0.00|0
1169|2|150|15|3,10|0|0.00|0
1169|3|300|5|90|0|0.00|0
1169|4|500|14|3,10|0|0.00|0
2043|1|50|4|120|0|0.00|0
2043|2|150|15|3,10|0|0.00|0
2043|3|300|5|90|0|0.00|0
2043|4|500|14|3,10|0|0.00|0
2044|1|50|4|120|0|0.00|0
2044|2|150|15|3,10|0|0.00|0
2044|3|300|5|90|0|0.00|0
2044|4|500|14|3,10|0|0.00|0
1170|1|50|4|120|0|0.00|0
1170|2|150|15|3,10|0|0.00|0
1170|3|300|5|90|0|0.00|0
1170|4|500|14|3,10|0|0.00|0
1171|1|50|4|120|0|0.00|0
1171|2|150|15|3,10|0|0.00|0
1171|3|300|5|90|0|0.00|0
1171|4|500|14|3,10|0|0.00|0
2045|1|50|4|120|0|0.00|0
2045|2|150|15|3,10|0|0.00|0
2045|3|300|5|90|0|0.00|0
2045|4|500|14|3,10|0|0.00|0
2046|1|50|4|120|0|0.00|0
2046|2|150|15|3,10|0|0.00|0
2046|3|300|5|90|0|0.00|0
2046|4|500|14|3,10|0|0.00|0
1172|1|50|4|120|0|0.00|0
1172|2|150|15|3,10|0|0.00|0
1172|3|300|5|90|0|0.00|0
1172|4|500|14|3,10|0|0.00|0
1173|1|50|4|120|0|0.00|0
1173|2|150|15|3,10|0|0.00|0
1173|3|300|5|90|0|0.00|0
1173|4|500|14|3,10|0|0.00|0
2047|1|50|4|120|0|0.00|0
2047|2|150|15|3,10|0|0.00|0
2047|3|300|5|90|0|0.00|0
2047|4|500|14|3,10|0|0.00|0
2048|1|50|4|120|0|0.00|0
2048|2|150|15|3,10|0|0.00|0
2048|3|300|5|90|0|0.00|0
2048|4|500|14|3,10|0|0.00|0
1174|1|50|4|120|0|0.00|0
1174|2|150|15|3,10|0|0.00|0
1174|3|300|5|90|0|0.00|0
1174|4|500|14|3,10|0|0.00|0
1175|1|50|4|120|0|0.00|0
1175|2|150|15|3,10|0|0.00|0
1175|3|300|5|90|0|0.00|0
1175|4|500|14|3,10|0|0.00|0
2049|1|50|4|120|0|0.00|0
2049|2|150|15|3,10|0|0.00|0
2049|3|300|5|90|0|0.00|0
2049|4|500|14|3,10|0|0.00|0
2050|1|50|4|120|0|0.00|0
2050|2|150|15|3,10|0|0.00|0
2050|3|300|5|90|0|0.00|0
2050|4|500|14|3,10|0|0.00|0
118|1|50|5|90|0|0.00|0
118|2|100|15|3,10|0|0.00|0
118|3|200|6|60|0|0.00|0
118|4|400|14|4,10|0|0.00|0
481|1|50|5|90|0|0.00|0
481|2|100|15|3,10|0|0.00|0
481|3|200|6|60|0|0.00|0
481|4|400|14|4,10|0|0.00|0
12|1|50|6|20|0|0.00|0
12|2|150|9|2|0|0.00|0
12|3|300|5|120|0|0.00|0
12|4|500|14|4,10|0|0.00|0
410|1|50|6|20|0|0.00|0
410|2|150|9|2|0|0.00|0
410|3|300|5|120|0|0.00|0
410|4|500|14|4,10|0|0.00|0
1201|1|50|6|90|0|0.00|0
1201|2|150|15|3,10|0|0.00|0
1201|3|300|5|140|0|0.00|0
1201|4|500|14|3,10|0|0.00|0
1202|1|50|6|90|0|0.00|0
1202|2|150|34|3,1,15|0|0.00|0
1202|3|300|5|140|0|0.00|0
1202|4|500|9|2|0|0.00|0
1203|1|50|6|90|0|0.00|0
1203|2|150|14|4,10|0|0.00|0
1203|3|300|5|140|0|0.00|0
1203|4|500|11|1765|0|0.00|0
1204|1|50|6|90|0|0.00|0
1204|2|150|32|4,4,15|0|0.00|0
1204|3|300|5|140|0|0.00|0
1204|4|500|21|4,25|0|0.00|0
1205|1|50|6|90|0|0.00|0
1205|2|150|14|4,10|0|0.00|0
1205|3|300|5|140|0|0.00|0
1205|4|500|14|5,15|0|0.00|0
1206|1|50|5|100|0|0.00|0
1206|2|150|32|3,2,15|0|0.00|0
1206|3|300|28|0,110,60|0|0.00|0
1206|4|500|11|1766|0|0.00|0
1207|1|50|5|100|0|0.00|0
1207|2|150|32|4,3,15|0|0.00|0
1207|3|300|28|0,110,60|0|0.00|0
1207|4|500|10|1210|0|0.00|0
1208|1|50|5|100|0|0.00|0
1208|2|150|14|3,10|0|0.00|0
1208|3|300|28|0,110,60|0|0.00|0
1208|4|500|10|1211|0|0.00|0
121|1|50|5|90|0|0.00|0
121|2|100|15|3,10|0|0.00|0
121|3|200|6|60|0|0.00|0
121|4|400|14|4,10|0|0.00|0
482|1|50|5|90|0|0.00|0
482|2|100|15|3,10|0|0.00|0
482|3|200|6|60|0|0.00|0
482|4|400|14|4,10|0|0.00|0
1221|1|50|6|100|0|0.00|0
1221|2|150|15|3,10|0|0.00|0
1221|3|300|5|180|0|0.00|0
1221|4|500|14|3,10|0|0.00|0
1222|1|50|6|100|0|0.00|0
1222|2|150|15|3,10|0|0.00|0
1222|3|300|5|180|0|0.00|0
1222|4|500|14|3,10|0|0.00|0
1390|1|50|6|100|0|0.00|0
1390|2|150|15|3,10|0|0.00|0
1390|3|300|5|180|0|0.00|0
1390|4|500|14|3,10|0|0.00|0
1223|1|50|4|320|0|0.00|0
1223|2|150|9|3|0|0.00|0
1223|3|300|5|150|0|0.00|0
1223|4|500|14|3,10|0|0.00|0
1224|1|50|4|320|0|0.00|0
1224|2|150|9|3|0|0.00|0
1224|3|300|5|150|0|0.00|0
1224|4|500|14|3,10|0|0.00|0
1391|1|50|4|320|0|0.00|0
1391|2|150|9|3|0|0.00|0
1391|3|300|5|150|0|0.00|0
1391|4|500|14|3,10|0|0.00|0
1225|1|50|4|320|0|0.00|0
1225|2|150|14|4,10|0|0.00|0
1225|3|300|5|150|0|0.00|0
1225|4|500|14|4,10|0|0.00|0
1226|1|50|4|320|0|0.00|0
1226|2|150|14|4,10|0|0.00|0
1226|3|300|5|150|0|0.00|0
1226|4|500|14|4,10|0|0.00|0
1392|1|50|4|320|0|0.00|0
1392|2|150|14|4,10|0|0.00|0
1392|3|300|5|150|0|0.00|0
1392|4|500|14|4,10|0|0.00|0
1227|1|50|4|500|0|0.00|0
1227|2|150|14|3,10|0|0.00|0
1227|3|300|5|100|0|0.00|0
1227|4|500|14|4,10|0|0.00|0
1228|1|50|4|500|0|0.00|0
1228|2|150|14|3,10|0|0.00|0
1228|3|300|5|100|0|0.00|0
1228|4|500|14|4,10|0|0.00|0
1393|1|50|4|500|0|0.00|0
1393|2|150|14|3,10|0|0.00|0
1393|3|300|5|100|0|0.00|0
1393|4|500|14|4,10|0|0.00|0
1229|1|50|4|500|0|0.00|0
1229|2|150|21|5,25|0|0.00|0
1229|3|300|5|100|0|0.00|0
1229|4|500|32|3,5,15|0|0.00|0
1230|1|50|4|500|0|0.00|0
1230|2|150|21|5,25|0|0.00|0
1230|3|300|5|100|0|0.00|0
1230|4|500|32|3,5,15|0|0.00|0
1394|1|50|4|500|0|0.00|0
1394|2|150|21|5,25|0|0.00|0
1394|3|300|5|100|0|0.00|0
1394|4|500|32|3,5,15|0|0.00|0
1237|1|50|4|100|0|0.00|0
1237|2|150|15|3,10|0|0.00|0
1237|3|300|5|135|0|0.00|0
1237|4|500|14|4,10|0|0.00|0
2082|1|50|4|100|0|0.00|0
2082|2|150|15|3,10|0|0.00|0
2082|3|300|5|135|0|0.00|0
2082|4|500|14|4,10|0|0.00|0
1239|1|50|4|100|0|0.00|0
1239|2|150|15|3,10|0|0.00|0
1239|3|300|5|135|0|0.00|0
1239|4|500|14|4,10|0|0.00|0
2083|1|50|4|100|0|0.00|0
2083|2|150|15|3,10|0|0.00|0
2083|3|300|5|135|0|0.00|0
2083|4|500|14|4,10|0|0.00|0
124|1|50|5|90|0|0.00|0
124|2|100|15|3,10|0|0.00|0
124|3|200|6|60|0|0.00|0
124|4|400|14|4,10|0|0.00|0
483|1|50|5|90|0|0.00|0
483|2|100|15|3,10|0|0.00|0
483|3|200|6|60|0|0.00|0
483|4|400|14|4,10|0|0.00|0
1241|1|50|4|90|0|0.00|0
1241|2|150|15|3,10|0|0.00|0
1241|3|300|5|120|0|0.00|0
1241|4|500|14|4,10|0|0.00|0
2084|1|50|4|90|0|0.00|0
2084|2|150|15|3,10|0|0.00|0
2084|3|300|5|120|0|0.00|0
2084|4|500|14|4,10|0|0.00|0
1243|1|50|4|90|0|0.00|0
1243|2|150|15|3,10|0|0.00|0
1243|3|300|5|120|0|0.00|0
1243|4|500|14|4,10|0|0.00|0
2085|1|50|4|90|0|0.00|0
2085|2|150|15|3,10|0|0.00|0
2085|3|300|5|120|0|0.00|0
2085|4|500|14|4,10|0|0.00|0
1245|1|50|4|125|0|0.00|0
1245|2|150|15|3,10|0|0.00|0
1245|3|300|28|150,0,30|0|0.00|0
1245|4|500|14|3,10|0|0.00|0
2086|1|50|4|125|0|0.00|0
2086|2|150|15|3,10|0|0.00|0
2086|3|300|28|150,0,30|0|0.00|0
2086|4|500|14|3,10|0|0.00|0
1247|1|50|6|100|0|0.00|0
1247|2|150|15|3,10|0|0.00|0
1247|3|300|5|180|0|0.00|0
1247|4|500|14|4,10|0|0.00|0
2087|1|50|6|100|0|0.00|0
2087|2|150|15|3,10|0|0.00|0
2087|3|300|5|180|0|0.00|0
2087|4|500|14|4,10|0|0.00|0
1249|1|50|5|100|0|0.00|0
1249|2|150|15|3,10|0|0.00|0
1249|3|300|4|100|0|0.00|0
1249|4|500|14|4,10|0|0.00|0
2088|1|50|5|100|0|0.00|0
2088|2|150|15|3,10|0|0.00|0
2088|3|300|4|100|0|0.00|0
2088|4|500|14|4,10|0|0.00|0
1251|1|50|4|120|0|0.00|0
1251|2|150|31|3,1,12|0|0.00|0
1251|3|300|5|90|0|0.00|0
1251|4|500|34|4,1,12|0|0.00|0
2089|1|50|4|120|0|0.00|0
2089|2|150|31|3,1,12|0|0.00|0
2089|3|300|5|90|0|0.00|0
2089|4|500|34|4,1,12|0|0.00|0
127|1|50|5|90|0|0.00|0
127|2|100|15|3,10|0|0.00|0
127|3|200|6|60|0|0.00|0
127|4|400|14|4,10|0|0.00|0
484|1|50|5|90|0|0.00|0
484|2|100|15|3,10|0|0.00|0
484|3|200|6|60|0|0.00|0
484|4|400|14|4,10|0|0.00|0
130|1|50|5|90|0|0.00|0
130|2|100|15|3,10|0|0.00|0
130|3|200|6|60|0|0.00|0
130|4|400|14|4,10|0|0.00|0
485|1|50|5|90|0|0.00|0
485|2|100|15|3,10|0|0.00|0
485|3|200|6|60|0|0.00|0
485|4|400|14|4,10|0|0.00|0
133|1|50|5|60|0|0.00|0
133|2|100|14|3,10|0|0.00|0
133|3|200|4|300|0|0.00|0
133|4|400|14|4,10|0|0.00|0
686|1|50|5|60|0|0.00|0
686|2|100|14|3,10|0|0.00|0
686|3|200|4|300|0|0.00|0
686|4|400|14|4,10|0|0.00|0
1332|1|50|4|170|0|0.00|0
1332|2|150|8|4|0|0.00|0
1332|3|300|5|120|0|0.00|0
1332|4|500|14|3,10|0|0.00|0
1333|1|50|4|170|0|0.00|0
1333|2|150|8|4|0|0.00|0
1333|3|300|5|120|0|0.00|0
1333|4|500|14|3,10|0|0.00|0
1334|1|50|4|170|0|0.00|0
1334|2|150|8|4|0|0.00|0
1334|3|300|5|120|0|0.00|0
1334|4|500|14|3,10|0|0.00|0
1335|1|50|4|170|0|0.00|0
1335|2|150|8|4|0|0.00|0
1335|3|300|5|120|0|0.00|0
1335|4|500|14|3,10|0|0.00|0
1341|1|50|6|50|0|0.00|0
1341|2|100|15|3,10|0|0.00|0
1341|3|200|6|100|0|0.00|0
1341|4|400|14|3,10|0|0.00|0
1342|1|50|6|50|0|0.00|0
1342|2|100|15|3,10|0|0.00|0
1342|3|200|6|100|0|0.00|0
1342|4|400|21|6,25|0|0.00|0
1343|1|50|6|50|0|0.00|0
1343|2|100|15|3,5|0|0.00|0
1343|3|200|6|100|0|0.00|0
1343|4|400|14|3,10|0|0.00|0
1344|1|50|6|50|0|0.00|0
1344|2|100|15|3,10|0|0.00|0
1344|3|200|6|100|0|0.00|0
1344|4|400|14|3,10|0|0.00|0
1345|1|50|6|50|0|0.00|0
1345|2|100|15|3,10|0|0.00|0
1345|3|200|6|100|0|0.00|0
1345|4|400|9|3|0|0.00|0
136|1|50|5|60|0|0.00|0
136|2|100|14|3,10|0|0.00|0
136|3|200|4|300|0|0.00|0
136|4|400|14|4,10|0|0.00|0
687|1|50|5|60|0|0.00|0
687|2|100|14|3,10|0|0.00|0
687|3|200|4|300|0|0.00|0
687|4|400|14|4,10|0|0.00|0
1371|1|150|4|180|0|0.00|0
1371|2|250|32|3,1,10|0|0.00|0
1371|3|400|5|120|0|0.00|0
1371|4|700|37|15|0|0.00|0
1372|1|150|28|160,220,50|0|0.00|0
1372|2|250|33|3,1,20|0|0.00|0
1372|3|400|21|1,40|0|0.00|0
1372|4|700|32|3,1,20|0|0.00|0
1373|1|150|4|180|0|0.00|0
1373|2|250|32|3,2,10|0|0.00|0
1373|3|400|5|120|0|0.00|0
1373|4|700|37|15|0|0.00|0
1374|1|150|28|160,220,50|0|0.00|0
1374|2|250|33|3,2,20|0|0.00|0
1374|3|400|21|2,40|0|0.00|0
1374|4|700|32|3,2,20|0|0.00|0
1380|1|50|5|150|0|0.00|0
1380|2|150|8|2|0|0.00|0
1380|3|300|28|0,90,160|0|0.00|0
1380|4|500|11|2107|0|0.00|0
1381|1|50|5|150|0|0.00|0
1381|2|150|14|4,10|0|0.00|0
1381|3|300|28|0,90,160|0|0.00|0
1381|4|500|14|4,10|0|0.00|0
1382|1|50|5|60|0|0.00|0
1382|2|150|8|2|0|0.00|0
1382|3|300|28|0,20,250|0|0.00|0
1382|4|500|11|2108|0|0.00|0
1383|1|50|5|60|0|0.00|0
1383|2|150|14|4,10|0|0.00|0
1383|3|300|28|0,20,250|0|0.00|0
1383|4|500|14|4,10|0|0.00|0
1384|1|50|5|60|0|0.00|0
1384|2|150|8|2|0|0.00|0
1384|3|300|28|0,20,250|0|0.00|0
1384|4|500|11|2109|0|0.00|0
1385|1|50|5|60|0|0.00|0
1385|2|150|14|4,10|0|0.00|0
1385|3|300|28|0,20,250|0|0.00|0
1385|4|500|14|4,10|0|0.00|0
1386|1|50|5|150|0|0.00|0
1386|2|150|8|2|0|0.00|0
1386|3|300|28|0,90,160|0|0.00|0
1386|4|500|11|2110|0|0.00|0
1387|1|50|5|150|0|0.00|0
1387|2|150|14|4,10|0|0.00|0
1387|3|300|28|0,90,160|0|0.00|0
1387|4|500|14|4,10|0|0.00|0
1388|1|50|6|90|0|0.00|0
1388|2|150|8|2|0|0.00|0
1388|3|300|28|180,180,0|0|0.00|0
1388|4|500|11|2111|0|0.00|0
1389|1|50|6|90|0|0.00|0
1389|2|150|14|4,10|0|0.00|0
1389|3|300|28|180,180,0|0|0.00|0
1389|4|500|14|4,10|0|0.00|0
139|1|50|5|60|0|0.00|0
139|2|100|14|3,10|0|0.00|0
139|3|200|4|300|0|0.00|0
139|4|400|14|4,10|0|0.00|0
688|1|50|5|60|0|0.00|0
688|2|100|14|3,10|0|0.00|0
688|3|200|4|300|0|0.00|0
688|4|400|14|4,10|0|0.00|0
142|1|50|5|60|0|0.00|0
142|2|100|14|3,10|0|0.00|0
142|3|200|4|300|0|0.00|0
142|4|400|14|4,10|0|0.00|0
689|1|50|5|60|0|0.00|0
689|2|100|14|3,10|0|0.00|0
689|3|200|4|300|0|0.00|0
689|4|400|14|4,10|0|0.00|0
145|1|50|5|60|0|0.00|0
145|2|100|14|3,10|0|0.00|0
145|3|200|4|300|0|0.00|0
145|4|400|14|4,10|0|0.00|0
690|1|50|5|60|0|0.00|0
690|2|100|14|3,10|0|0.00|0
690|3|200|4|300|0|0.00|0
690|4|400|14|4,10|0|0.00|0
148|1|50|5|70|0|0.00|0
148|2|100|22|75|0|0.00|0
148|3|200|4|360|0|0.00|0
148|4|400|9|3|0|0.00|0
1506|1|50|28|120,185,35|0|0.00|0
1506|2|150|32|3,1,15|0|0.00|0
1506|3|300|33|3,1,15|0|0.00|0
1506|4|500|10|1299|0|0.00|0
1507|1|50|4|120|0|0.00|0
1507|2|150|15|3,10|0|0.00|0
1507|3|300|5|90|0|0.00|0
1507|4|500|14|4,10|0|0.00|0
1508|1|50|5|60|0|0.00|0
1508|2|150|15|3,10|0|0.00|0
1508|3|300|4|125|0|0.00|0
1508|4|500|14|4,10|0|0.00|0
1509|1|50|28|100,180,35|0|0.00|0
1509|2|150|34|3,1,15|0|0.00|0
1509|3|300|9|2|0|0.00|0
1509|4|500|34|4,1,15|0|0.00|0
151|1|50|5|90|0|0.00|0
151|2|100|22|76|0|0.00|0
151|3|200|4|500|0|0.00|0
151|4|400|9|3|0|0.00|0
1510|1|50|28|180,100,35|0|0.00|0
1510|2|150|34|3,1,15|0|0.00|0
1510|3|300|34|4,1,15|0|0.00|0
1510|4|500|11|1932|0|0.00|0
1511|1|50|5|60|0|0.00|0
1511|2|150|34|3,1,15|0|0.00|0
1511|3|300|4|125|0|0.00|0
1511|4|500|34|4,1,15|0|0.00|0
1512|1|50|5|60|0|0.00|0
1512|2|150|15|3,10|0|0.00|0
1512|3|300|4|125|0|0.00|0
1512|4|500|14|4,10|0|0.00|0
1513|1|50|4|120|0|0.00|0
1513|2|150|15|3,10|0|0.00|0
1513|3|300|5|90|0|0.00|0
1513|4|500|14|4,10|0|0.00|0
154|1|50|5|60|0|0.00|0
154|2|100|22|77|0|0.00|0
154|3|200|4|300|0|0.00|0
154|4|400|9|3|0|0.00|0
157|1|50|5|70|0|0.00|0
157|2|100|22|78|0|0.00|0
157|3|200|4|360|0|0.00|0
157|4|400|9|3|0|0.00|0
1571|1|50|4|120|0|0.00|0
1571|2|150|14|3,10|0|0.00|0
1571|3|300|5|90|0|0.00|0
1571|4|500|14|4,10|0|0.00|0
1572|1|50|4|135|0|0.00|0
1572|2|150|39|3,1,15|0|0.00|0
1572|3|300|28|100,0,20|0|0.00|0
1572|4|500|38|4,1,15|0|0.00|0
1573|1|50|6|35|0|0.00|0
1573|2|150|31|3,1,10|0|0.00|0
1573|3|300|4|120|0|0.00|0
1573|4|500|34|4,1,12|0|0.00|0
1574|1|50|4|90|0|0.00|0
1574|2|150|34|4,1,10|0|0.00|0
1574|3|300|5|120|0|0.00|0
1574|4|500|34|5,1,15|0|0.00|0
1575|1|50|4|135|0|0.00|0
1575|2|150|39|3,1,15|0|0.00|0
1575|3|300|28|100,0,20|0|0.00|0
1575|4|500|38|4,1,15|0|0.00|0
1576|1|50|4|135|0|0.00|0
1576|2|150|39|3,1,15|0|0.00|0
1576|3|300|28|100,0,20|0|0.00|0
1576|4|500|38|4,1,15|0|0.00|0
1577|1|50|6|35|0|0.00|0
1577|2|150|31|3,1,10|0|0.00|0
1577|3|300|4|120|0|0.00|0
1577|4|500|34|4,1,12|0|0.00|0
1578|1|50|4|90|0|0.00|0
1578|2|150|14|3,10|0|0.00|0
1578|3|300|5|120|0|0.00|0
1578|4|500|14|4,10|0|0.00|0
16|1|50|6|20|0|0.00|0
16|2|150|9|2|0|0.00|0
16|3|300|5|120|0|0.00|0
16|4|500|14|4,10|0|0.00|0
411|1|50|6|20|0|0.00|0
411|2|150|9|2|0|0.00|0
411|3|300|5|120|0|0.00|0
411|4|500|14|4,10|0|0.00|0
160|1|50|5|90|0|0.00|0
160|2|100|22|79|0|0.00|0
160|3|200|4|500|0|0.00|0
160|4|400|9|3|0|0.00|0
1666|1|50|4|160|0|0.00|0
1666|2|150|15|3,10|0|0.00|0
1666|3|300|5|110|0|0.00|0
1666|4|500|14|4,10|0|0.00|0
1667|1|50|4|160|0|0.00|0
1667|2|150|15|3,10|0|0.00|0
1667|3|300|5|110|0|0.00|0
1667|4|500|14|4,10|0|0.00|0
1668|1|50|4|180|0|0.00|0
1668|2|150|15|3,10|0|0.00|0
1668|3|300|5|90|0|0.00|0
1668|4|500|14|4,10|0|0.00|0
1669|1|50|5|50|0|0.00|0
1669|2|150|15|3,10|0|0.00|0
1669|3|300|6|100|0|0.00|0
1669|4|500|14|4,10|0|0.00|0
1670|1|50|4|160|0|0.00|0
1670|2|150|15|3,10|0|0.00|0
1670|3|300|5|110|0|0.00|0
1670|4|500|14|4,10|0|0.00|0
1726|1|50|28|0,120,30|0|0.00|0
1726|2|150|31|3,10,10|0|0.00|0
1726|3|300|28|120,60,0|0|0.00|0
1726|4|500|34|4,10,12|0|0.00|0
1727|1|50|6|60|0|0.00|0
1727|2|150|31|3,1,10|0|0.00|0
1727|3|300|4|120|0|0.00|0
1727|4|500|34|4,1,12|0|0.00|0
1728|1|50|28|0,120,30|0|0.00|0
1728|2|150|31|3,10,10|0|0.00|0
1728|3|300|28|120,60,0|0|0.00|0
1728|4|500|34|4,10,12|0|0.00|0
1729|1|50|28|0,120,30|0|0.00|0
1729|2|150|33|3,4,10|0|0.00|0
1729|3|300|28|120,60,0|0|0.00|0
1729|4|500|32|4,4,10|0|0.00|0
1730|1|50|6|60|0|0.00|0
1730|2|150|31|3,10,10|0|0.00|0
1730|3|300|4|120|0|0.00|0
1730|4|500|34|4,10,12|0|0.00|0
1731|1|50|6|60|0|0.00|0
1731|2|150|31|3,1,10|0|0.00|0
1731|3|300|4|120|0|0.00|0
1731|4|500|34|4,1,10|0|0.00|0
1732|1|50|6|60|0|0.00|0
1732|2|150|33|3,1,10|0|0.00|0
1732|3|300|4|120|0|0.00|0
1732|4|500|32|4,1,12|0|0.00|0
1733|1|50|6|60|0|0.00|0
1733|2|150|33|3,2,10|0|0.00|0
1733|3|300|4|120|0|0.00|0
1733|4|500|32|4,2,10|0|0.00|0
1734|1|50|28|0,120,30|0|0.00|0
1734|2|150|33|3,4,10|0|0.00|0
1734|3|300|28|120,60,0|0|0.00|0
1734|4|500|32|4,4,10|0|0.00|0
1759|1|50|6|35|0|0.00|0
1759|2|150|31|4,1,15|0|0.00|0
1759|3|300|28|120,60,0|0|0.00|0
1759|4|500|34|4,1,15|0|0.00|0
1760|1|50|6|35|0|0.00|0
1760|2|150|15|3,10|0|0.00|0
1760|3|300|28|120,60,0|0|0.00|0
1760|4|500|14|3,10|0|0.00|0
1761|1|50|6|35|0|0.00|0
1761|2|150|15|3,10|0|0.00|0
1761|3|300|28|120,60,0|0|0.00|0
1761|4|500|14|3,10|0|0.00|0
1762|1|50|28|120,160,40|0|0.00|0
1762|2|150|34|3,1,10|0|0.00|0
1762|3|300|31|4,1,10|0|0.00|0
1762|4|500|30|1762,4|0|0.00|0
1763|1|50|28|120,160,40|0|0.00|0
1763|2|150|34|3,1,10|0|0.00|0
1763|3|300|31|4,1,10|0|0.00|0
1763|4|500|30|1762,4|0|0.00|0
1764|1|50|28|120,160,40|0|0.00|0
1764|2|150|34|3,1,10|0|0.00|0
1764|3|300|21|4,25|0|0.00|0
1764|4|500|30|1764,4|0|0.00|0
1765|1|50|28|120,160,40|0|0.00|0
1765|2|150|34|3,1,10|0|0.00|0
1765|3|300|21|4,25|0|0.00|0
1765|4|500|30|1764,4|0|0.00|0
1766|1|50|28|120,160,40|0|0.00|0
1766|2|150|34|3,1,10|0|0.00|0
1766|3|300|31|4,1,10|0|0.00|0
1766|4|500|30|1766,4|0|0.00|0
1767|1|50|28|120,160,40|0|0.00|0
1767|2|150|34|3,1,10|0|0.00|0
1767|3|300|31|4,1,10|0|0.00|0
1767|4|500|30|1766,4|0|0.00|0
1768|1|50|28|0,120,35|0|0.00|0
1768|2|150|14|3,10|0|0.00|0
1768|3|300|15|3,10|0|0.00|0
1768|4|500|30|1768,4|0|0.00|0
1769|1|50|6|35|0|0.00|0
1769|2|150|31|4,1,15|0|0.00|0
1769|3|300|28|120,60,0|0|0.00|0
1769|4|500|34|4,1,15|0|0.00|0
178|1|50|4|180|0|0.00|0
178|2|100|22|180|0|0.00|0
178|3|200|5|140|0|0.00|0
178|4|400|22|592|0|0.00|0
851|1|50|4|180|0|0.00|0
851|2|100|22|180|0|0.00|0
851|3|200|5|140|0|0.00|0
851|4|400|22|592|0|0.00|0
1786|1|50|4|185|0|0.00|0
1786|2|150|15|3,10|0|0.00|0
1786|3|300|28|125,0,35|0|0.00|0
1786|4|500|14|3,10|0|0.00|0
1787|1|50|4|185|0|0.00|0
1787|2|150|15|3,10|0|0.00|0
1787|3|300|28|125,0,35|0|0.00|0
1787|4|500|14|3,10|0|0.00|0
1788|1|50|5|60|0|0.00|0
1788|2|150|15|3,10|0|0.00|0
1788|3|300|4|125|0|0.00|0
1788|4|500|14|4,10|0|0.00|0
1789|1|50|5|60|0|0.00|0
1789|2|150|15|3,10|0|0.00|0
1789|3|300|4|125|0|0.00|0
1789|4|500|14|4,10|0|0.00|0
1790|1|50|4|125|0|0.00|0
1790|2|150|15|3,10|0|0.00|0
1790|3|300|28|120,0,100|0|0.00|0
1790|4|500|14|3,10|0|0.00|0
1791|1|50|4|125|0|0.00|0
1791|2|150|15|3,10|0|0.00|0
1791|3|300|28|120,0,100|0|0.00|0
1791|4|500|14|3,10|0|0.00|0
1792|1|50|5|60|0|0.00|0
1792|2|150|15|3,10|0|0.00|0
1792|3|300|4|125|0|0.00|0
1792|4|500|14|4,10|0|0.00|0
1793|1|50|4|125|0|0.00|0
1793|2|150|15|3,10|0|0.00|0
1793|3|300|28|150,0,20|0|0.00|0
1793|4|500|14|3,10|0|0.00|0
1794|1|50|4|125|0|0.00|0
1794|2|150|15|3,10|0|0.00|0
1794|3|300|28|150,0,20|0|0.00|0
1794|4|500|14|3,10|0|0.00|0
1795|1|50|5|100|0|0.00|0
1795|2|150|15|3,10|0|0.00|0
1795|3|300|4|100|0|0.00|0
1795|4|500|14|4,10|0|0.00|0
1796|1|50|5|60|0|0.00|0
1796|2|150|15|3,10|0|0.00|0
1796|3|300|4|125|0|0.00|0
1796|4|500|14|4,10|0|0.00|0
1797|1|50|5|100|0|0.00|0
1797|2|150|15|3,10|0|0.00|0
1797|3|300|4|100|0|0.00|0
1797|4|500|14|4,10|0|0.00|0
181|1|50|4|180|0|0.00|0
181|2|100|22|76|0|0.00|0
181|3|200|5|140|0|0.00|0
181|4|400|22|445|0|0.00|0
852|1|50|4|180|0|0.00|0
852|2|100|22|76|0|0.00|0
852|3|200|5|140|0|0.00|0
852|4|400|22|445|0|0.00|0
1821|1|50|6|30|0|0.00|0
1821|2|150|15|4,10|0|0.00|0
1821|3|300|5|180|0|0.00|0
1821|4|500|14|4,10|0|0.00|0
1822|1|50|6|30|0|0.00|0
1822|2|150|33|4,1,15|0|0.00|0
1822|3|300|5|180|0|0.00|0
1822|4|500|32|4,1,15|0|0.00|0
1823|1|50|6|30|0|0.00|0
1823|2|150|15|4,10|0|0.00|0
1823|3|300|5|180|0|0.00|0
1823|4|500|14|4,10|0|0.00|0
1824|1|50|6|30|0|0.00|0
1824|2|150|33|4,2,15|0|0.00|0
1824|3|300|5|180|0|0.00|0
1824|4|500|32|4,2,15|0|0.00|0
1825|1|50|6|30|0|0.00|0
1825|2|150|15|4,10|0|0.00|0
1825|3|300|5|180|0|0.00|0
1825|4|500|14|4,10|0|0.00|0
1826|1|50|6|30|0|0.00|0
1826|2|150|33|4,3,15|0|0.00|0
1826|3|300|5|180|0|0.00|0
1826|4|500|32|4,3,15|0|0.00|0
1827|1|50|6|30|0|0.00|0
1827|2|150|15|4,10|0|0.00|0
1827|3|300|5|180|0|0.00|0
1827|4|500|14|4,10|0|0.00|0
1828|1|50|6|30|0|0.00|0
1828|2|150|33|4,4,15|0|0.00|0
1828|3|300|5|180|0|0.00|0
1828|4|500|32|4,4,15|0|0.00|0
1829|1|50|6|30|0|0.00|0
1829|2|150|15|4,10|0|0.00|0
1829|3|300|5|180|0|0.00|0
1829|4|500|14|4,10|0|0.00|0
1830|1|50|6|30|0|0.00|0
1830|2|150|33|4,5,15|0|0.00|0
1830|3|300|5|180|0|0.00|0
1830|4|500|32|4,5,15|0|0.00|0
1831|1|50|4|180|0|0.00|0
1831|2|100|14|4,10|0|0.00|0
1831|3|200|4|500|0|0.00|0
1831|4|400|24|6,1,50|0|0.00|0
1832|1|50|4|180|0|0.00|0
1832|2|100|14|4,10|0|0.00|0
1832|3|200|5|140|0|0.00|0
1832|4|400|24|6,2,50|0|0.00|0
1833|1|50|4|180|0|0.00|0
1833|2|100|14|4,10|0|0.00|0
1833|3|200|5|140|0|0.00|0
1833|4|400|24|6,3,50|0|0.00|0
1834|1|50|4|180|0|0.00|0
1834|2|100|14|4,10|0|0.00|0
1834|3|200|5|140|0|0.00|0
1834|4|400|24|6,4,50|0|0.00|0
1835|1|50|4|180|0|0.00|0
1835|2|100|14|4,10|0|0.00|0
1835|3|200|5|140|0|0.00|0
1835|4|400|24|6,5,50|0|0.00|0
184|1|50|4|180|0|0.00|0
184|2|100|9|3|0|0.00|0
184|3|200|5|140|0|0.00|0
184|4|400|9|4|0|0.00|0
853|1|50|4|180|0|0.00|0
853|2|100|9|3|0|0.00|0
853|3|200|5|140|0|0.00|0
853|4|400|9|4|0|0.00|0
187|1|50|4|180|0|0.00|0
187|2|100|22|180|0|0.00|0
187|3|200|5|140|0|0.00|0
187|4|400|22|592|0|0.00|0
854|1|50|4|180|0|0.00|0
854|2|100|22|180|0|0.00|0
854|3|200|5|140|0|0.00|0
854|4|400|22|592|0|0.00|0
1882|1|50|28|0,100,60|0|0.00|0
1882|2|150|15|3,10|0|0.00|0
1882|3|300|28|120,50,0|0|0.00|0
1882|4|500|14|3,10|0|0.00|0
1883|1|50|28|0,100,60|0|0.00|0
1883|2|150|15|3,10|0|0.00|0
1883|3|300|28|120,50,0|0|0.00|0
1883|4|500|14|3,10|0|0.00|0
1884|1|50|28|0,60,30|0|0.00|0
1884|2|150|15|4,10|0|0.00|0
1884|3|300|28|60,30,0|0|0.00|0
1884|4|500|14|4,10|0|0.00|0
1885|1|50|28|0,100,60|0|0.00|0
1885|2|150|15|3,10|0|0.00|0
1885|3|300|28|120,50,0|0|0.00|0
1885|4|500|14|3,10|0|0.00|0
1886|1|50|28|0,60,30|0|0.00|0
1886|2|150|15|4,10|0|0.00|0
1886|3|300|28|60,30,0|0|0.00|0
1886|4|500|14|4,10|0|0.00|0
1887|1|50|28|0,60,30|0|0.00|0
1887|2|150|15|4,10|0|0.00|0
1887|3|300|28|60,30,0|0|0.00|0
1887|4|500|14|4,10|0|0.00|0
1888|1|50|28|0,60,30|0|0.00|0
1888|2|150|15|4,10|0|0.00|0
1888|3|300|28|60,30,0|0|0.00|0
1888|4|500|14|4,10|0|0.00|0
1889|1|50|28|0,60,30|0|0.00|0
1889|2|150|15|4,10|0|0.00|0
1889|3|300|28|60,30,0|0|0.00|0
1889|4|500|14|4,10|0|0.00|0
190|1|50|4|180|0|0.00|0
190|2|100|22|79|0|0.00|0
190|3|200|5|140|0|0.00|0
190|4|400|22|448|0|0.00|0
855|1|50|4|180|0|0.00|0
855|2|100|22|79|0|0.00|0
855|3|200|5|140|0|0.00|0
855|4|400|22|448|0|0.00|0
191|1|50|5|90|0|0.00|0
191|2|150|14|4,10|0|0.00|0
191|3|300|4|340|0|0.00|0
191|4|500|21|1,40|0|0.00|0
192|1|50|5|90|0|0.00|0
192|2|150|14|4,10|0|0.00|0
192|3|300|4|340|0|0.00|0
192|4|500|21|1,40|0|0.00|0
941|1|50|5|90|0|0.00|0
941|2|150|14|4,10|0|0.00|0
941|3|300|4|340|0|0.00|0
941|4|500|21|1,40|0|0.00|0
1356|1|50|5|90|0|0.00|0
1356|2|150|14|4,10|0|0.00|0
1356|3|300|4|340|0|0.00|0
1356|4|500|21|1,40|0|0.00|0
1357|1|50|5|90|0|0.00|0
1357|2|150|14|4,10|0|0.00|0
1357|3|300|4|340|0|0.00|0
1357|4|500|21|1,40|0|0.00|0
193|1|50|5|90|0|0.00|0
193|2|150|14|4,10|0|0.00|0
193|3|300|4|340|0|0.00|0
193|4|500|21|2,40|0|0.00|0
194|1|50|5|90|0|0.00|0
194|2|150|14|4,10|0|0.00|0
194|3|300|4|340|0|0.00|0
194|4|500|21|2,40|0|0.00|0
942|1|50|5|90|0|0.00|0
942|2|150|14|4,10|0|0.00|0
942|3|300|4|340|0|0.00|0
942|4|500|21|2,40|0|0.00|0
1358|1|50|5|90|0|0.00|0
1358|2|150|14|4,10|0|0.00|0
1358|3|300|4|340|0|0.00|0
1358|4|500|21|2,40|0|0.00|0
1359|1|50|5|90|0|0.00|0
1359|2|150|14|4,10|0|0.00|0
1359|3|300|4|340|0|0.00|0
1359|4|500|21|2,40|0|0.00|0
195|1|50|5|90|0|0.00|0
195|2|150|14|4,10|0|0.00|0
195|3|300|4|340|0|0.00|0
195|4|500|21|3,40|0|0.00|0
196|1|50|5|90|0|0.00|0
196|2|150|14|4,10|0|0.00|0
196|3|300|4|340|0|0.00|0
196|4|500|21|3,40|0|0.00|0
943|1|50|5|90|0|0.00|0
943|2|150|14|4,10|0|0.00|0
943|3|300|4|340|0|0.00|0
943|4|500|21|3,40|0|0.00|0
1360|1|50|5|90|0|0.00|0
1360|2|150|14|4,10|0|0.00|0
1360|3|300|4|340|0|0.00|0
1360|4|500|21|3,40|0|0.00|0
1361|1|50|5|90|0|0.00|0
1361|2|150|14|4,10|0|0.00|0
1361|3|300|4|340|0|0.00|0
1361|4|500|21|3,40|0|0.00|0
1955|1|50|4|160|0|0.00|0
1955|2|150|14|3,10|0|0.00|0
1955|3|300|28|120,0,40|0|0.00|0
1955|4|500|14|4,10|0|0.00|0
1956|1|50|28|120,160,40|0|0.00|0
1956|2|150|14|3,10|0|0.00|0
1956|3|300|21|2,40|0|0.00|0
1956|4|500|14|4,10|0|0.00|0
1957|1|50|6|35|0|0.00|0
1957|2|150|31|3,1,15|0|0.00|0
1957|3|300|28|60,120|0|0.00|0
1957|4|500|34|3,1,15|0|0.00|0
1958|1|50|4|160|0|0.00|0
1958|2|150|14|3,10|0|0.00|0
1958|3|300|28|120,0,40|0|0.00|0
1958|4|500|14|4,10|0|0.00|0
1959|1|50|6|35|0|0.00|0
1959|2|150|14|4,10|0|0.00|0
1959|3|300|28|60,120,0|0|0.00|0
1959|4|500|14|4,10|0|0.00|0
1960|1|50|6|35|0|0.00|0
1960|2|150|15|4,10|0|0.00|0
1960|3|300|28|60,120,0|0|0.00|0
1960|4|500|14|4,10|0|0.00|0
1961|1|50|6|35|0|0.00|0
1961|2|150|14|4,10|0|0.00|0
1961|3|300|28|60,120,0|0|0.00|0
1961|4|500|21|4,25|0|0.00|0
1962|1|50|6|35|0|0.00|0
1962|2|150|14|4,10|0|0.00|0
1962|3|300|28|60,120,0|0|0.00|0
1962|4|500|14|4,10|0|0.00|0
197|1|50|5|90|0|0.00|0
197|2|150|14|4,10|0|0.00|0
197|3|300|4|340|0|0.00|0
197|4|500|21|4,40|0|0.00|0
198|1|50|5|90|0|0.00|0
198|2|150|14|4,10|0|0.00|0
198|3|300|4|340|0|0.00|0
198|4|500|21|4,40|0|0.00|0
944|1|50|5|90|0|0.00|0
944|2|150|14|4,10|0|0.00|0
944|3|300|4|340|0|0.00|0
944|4|500|21|4,40|0|0.00|0
1362|1|50|5|90|0|0.00|0
1362|2|150|14|4,10|0|0.00|0
1362|3|300|4|340|0|0.00|0
1362|4|500|21|4,40|0|0.00|0
1363|1|50|5|90|0|0.00|0
1363|2|150|14|4,10|0|0.00|0
1363|3|300|4|340|0|0.00|0
1363|4|500|21|4,40|0|0.00|0
199|1|50|5|90|0|0.00|0
199|2|150|14|4,10|0|0.00|0
199|3|300|4|340|0|0.00|0
199|4|500|21|5,40|0|0.00|0
200|1|50|5|90|0|0.00|0
200|2|150|14|4,10|0|0.00|0
200|3|300|4|340|0|0.00|0
200|4|500|21|5,40|0|0.00|0
945|1|50|5|90|0|0.00|0
945|2|150|14|4,10|0|0.00|0
945|3|300|4|340|0|0.00|0
945|4|500|21|5,40|0|0.00|0
1364|1|50|5|90|0|0.00|0
1364|2|150|14|4,10|0|0.00|0
1364|3|300|4|340|0|0.00|0
1364|4|500|21|5,40|0|0.00|0
1365|1|50|5|90|0|0.00|0
1365|2|150|14|4,10|0|0.00|0
1365|3|300|4|340|0|0.00|0
1365|4|500|21|5,40|0|0.00|0
1991|1|50|6|50|0|0.00|0
1991|2|100|14|4,12|0|0.00|0
1991|3|200|28|60,120,0|0|0.00|0
1991|4|400|14|5,15|0|0.00|0
1992|1|50|6|50|0|0.00|0
1992|2|100|14|4,12|0|0.00|0
1992|3|200|28|60,120,0|0|0.00|0
1992|4|400|14|5,15|0|0.00|0
1993|1|50|6|50|0|0.00|0
1993|2|100|14|4,12|0|0.00|0
1993|3|200|28|60,120,0|0|0.00|0
1993|4|400|14|5,15|0|0.00|0
1994|1|50|6|50|0|0.00|0
1994|2|100|14|4,12|0|0.00|0
1994|3|200|28|60,120,0|0|0.00|0
1994|4|400|14|5,15|0|0.00|0
1995|1|50|6|50|0|0.00|0
1995|2|100|14|4,12|0|0.00|0
1995|3|200|28|60,120,0|0|0.00|0
1995|4|400|14|5,15|0|0.00|0
20|1|50|6|20|0|0.00|0
20|2|150|9|2|0|0.00|0
20|3|300|5|120|0|0.00|0
20|4|500|14|4,10|0|0.00|0
412|1|50|6|20|0|0.00|0
412|2|150|9|2|0|0.00|0
412|3|300|5|120|0|0.00|0
412|4|500|14|4,10|0|0.00|0
2001|1|50|6|75|0|0.00|0
2001|2|150|14|4,12|0|0.00|0
2001|3|300|28|140,180,0|0|0.00|0
2001|4|500|14|5,15|0|0.00|0
2002|1|50|6|75|0|0.00|0
2002|2|150|14|4,12|0|0.00|0
2002|3|300|28|140,180,0|0|0.00|0
2002|4|500|14|5,15|0|0.00|0
2003|1|50|6|75|0|0.00|0
2003|2|150|14|4,12|0|0.00|0
2003|3|300|28|140,180,0|0|0.00|0
2003|4|500|14|5,15|0|0.00|0
2004|1|50|6|75|0|0.00|0
2004|2|150|14|4,12|0|0.00|0
2004|3|300|28|140,180,0|0|0.00|0
2004|4|500|14|5,15|0|0.00|0
2005|1|50|6|75|0|0.00|0
2005|2|150|14|4,12|0|0.00|0
2005|3|300|28|140,180,0|0|0.00|0
2005|4|500|14|5,15|0|0.00|0
201|1|50|6|30|0|0.00|0
201|2|150|14|4,10|0|0.00|0
201|3|300|5|180|0|0.00|0
201|4|500|14|5,12|0|0.00|0
202|1|50|6|30|0|0.00|0
202|2|150|14|4,10|0|0.00|0
202|3|300|5|180|0|0.00|0
202|4|500|14|5,12|0|0.00|0
506|1|50|6|30|0|0.00|0
506|2|150|14|4,10|0|0.00|0
506|3|300|5|180|0|0.00|0
506|4|500|14|5,12|0|0.00|0
1021|1|50|6|30|0|0.00|0
1021|2|150|14|4,10|0|0.00|0
1021|3|300|5|180|0|0.00|0
1021|4|500|14|5,12|0|0.00|0
1022|1|50|6|30|0|0.00|0
1022|2|150|14|4,10|0|0.00|0
1022|3|300|5|180|0|0.00|0
1022|4|500|14|5,12|0|0.00|0
203|1|50|6|30|0|0.00|0
203|2|150|14|4,10|0|0.00|0
203|3|300|5|180|0|0.00|0
203|4|500|14|5,12|0|0.00|0
204|1|50|6|30|0|0.00|0
204|2|150|14|4,10|0|0.00|0
204|3|300|5|180|0|0.00|0
204|4|500|14|5,12|0|0.00|0
507|1|50|6|30|0|0.00|0
507|2|150|14|4,10|0|0.00|0
507|3|300|5|180|0|0.00|0
507|4|500|14|5,12|0|0.00|0
1023|1|50|6|30|0|0.00|0
1023|2|150|14|4,10|0|0.00|0
1023|3|300|5|180|0|0.00|0
1023|4|500|14|5,12|0|0.00|0
1024|1|50|6|30|0|0.00|0
1024|2|150|14|4,10|0|0.00|0
1024|3|300|5|180|0|0.00|0
1024|4|500|14|5,12|0|0.00|0
205|1|50|6|30|0|0.00|0
205|2|150|14|4,10|0|0.00|0
205|3|300|5|180|0|0.00|0
205|4|500|14|5,12|0|0.00|0
206|1|50|6|30|0|0.00|0
206|2|150|14|4,10|0|0.00|0
206|3|300|5|180|0|0.00|0
206|4|500|14|5,12|0|0.00|0
508|1|50|6|30|0|0.00|0
508|2|150|14|4,10|0|0.00|0
508|3|300|5|180|0|0.00|0
508|4|500|14|5,12|0|0.00|0
1025|1|50|6|30|0|0.00|0
1025|2|150|14|4,10|0|0.00|0
1025|3|300|5|180|0|0.00|0
1025|4|500|14|5,12|0|0.00|0
1026|1|50|6|30|0|0.00|0
1026|2|150|14|4,10|0|0.00|0
1026|3|300|5|180|0|0.00|0
1026|4|500|14|5,12|0|0.00|0
207|1|50|6|30|0|0.00|0
207|2|150|14|4,10|0|0.00|0
207|3|300|5|180|0|0.00|0
207|4|500|14|5,12|0|0.00|0
208|1|50|6|30|0|0.00|0
208|2|150|14|4,10|0|0.00|0
208|3|300|5|180|0|0.00|0
208|4|500|14|5,12|0|0.00|0
509|1|50|6|30|0|0.00|0
509|2|150|14|4,10|0|0.00|0
509|3|300|5|180|0|0.00|0
509|4|500|14|5,12|0|0.00|0
1027|1|50|6|30|0|0.00|0
1027|2|150|14|4,10|0|0.00|0
1027|3|300|5|180|0|0.00|0
1027|4|500|14|5,12|0|0.00|0
1028|1|50|6|30|0|0.00|0
1028|2|150|14|4,10|0|0.00|0
1028|3|300|5|180|0|0.00|0
1028|4|500|14|5,12|0|0.00|0
209|1|50|6|30|0|0.00|0
209|2|150|14|4,10|0|0.00|0
209|3|300|5|180|0|0.00|0
209|4|500|14|5,12|0|0.00|0
210|1|50|6|30|0|0.00|0
210|2|150|14|4,10|0|0.00|0
210|3|300|5|180|0|0.00|0
210|4|500|14|5,12|0|0.00|0
510|1|50|6|30|0|0.00|0
510|2|150|14|4,10|0|0.00|0
510|3|300|5|180|0|0.00|0
510|4|500|14|5,12|0|0.00|0
1029|1|50|6|30|0|0.00|0
1029|2|150|14|4,10|0|0.00|0
1029|3|300|5|180|0|0.00|0
1029|4|500|14|5,12|0|0.00|0
1030|1|50|6|30|0|0.00|0
1030|2|150|14|4,10|0|0.00|0
1030|3|300|5|180|0|0.00|0
1030|4|500|14|5,12|0|0.00|0
2101|1|50|28|90,120,30|0|0.00|0
2101|2|150|39|2,2,15|0|0.00|0
2101|3|300|38|2,2,15|0|0.00|0
2101|4|500|25|4,10|0|0.00|0
2102|1|50|28|90,120,30|0|0.00|0
2102|2|150|39|2,2,15|0|0.00|0
2102|3|300|38|2,2,15|0|0.00|0
2102|4|500|25|4,10|0|0.00|0
2103|1|50|4|135|0|0.00|0
2103|2|150|31|3,1,10|0|0.00|0
2103|3|300|5|100|0|0.00|0
2103|4|500|34|4,1,12|0|0.00|0
2104|1|50|4|135|0|0.00|0
2104|2|150|31|3,1,10|0|0.00|0
2104|3|300|5|100|0|0.00|0
2104|4|500|34|4,1,12|0|0.00|0
2105|1|50|28|90,120,30|0|0.00|0
2105|2|150|39|3,2,15|0|0.00|0
2105|3|300|38|4,2,15|0|0.00|0
2105|4|500|37|25|0|0.00|0
2106|1|50|28|90,120,30|0|0.00|0
2106|2|150|39|3,2,15|0|0.00|0
2106|3|300|38|4,2,15|0|0.00|0
2106|4|500|37|25|0|0.00|0
2107|1|50|28|105,140,35|0|0.00|0
2107|2|150|39|3,2,15|0|0.00|0
2107|3|300|21|4,40|0|0.00|0
2107|4|500|38|3,2,15|0|0.00|0
2108|1|50|28|105,140,35|0|0.00|0
2108|2|150|39|3,2,15|0|0.00|0
2108|3|300|21|4,40|0|0.00|0
2108|4|500|38|3,2,15|0|0.00|0
2109|1|50|4|135|0|0.00|0
2109|2|150|31|3,1,10|0|0.00|0
2109|3|300|5|100|0|0.00|0
2109|4|500|34|4,1,12|0|0.00|0
2110|1|50|4|135|0|0.00|0
2110|2|150|31|3,1,10|0|0.00|0
2110|3|300|5|100|0|0.00|0
2110|4|500|34|4,1,12|0|0.00|0
2111|1|50|4|100|0|0.00|0
2111|2|150|31|3,1,10|0|0.00|0
2111|3|300|28|75,0,25|0|0.00|0
2111|4|500|34|4,1,12|0|0.00|0
2112|1|50|4|100|0|0.00|0
2112|2|150|31|3,1,10|0|0.00|0
2112|3|300|28|75,0,25|0|0.00|0
2112|4|500|34|4,1,12|0|0.00|0
2113|1|50|4|100|0|0.00|0
2113|2|150|31|3,1,10|0|0.00|0
2113|3|300|28|75,0,25|0|0.00|0
2113|4|500|34|4,1,12|0|0.00|0
2114|1|100|28|60,80,20|0|0.00|0
2114|2|300|34|4,1,10|0|0.00|0
2115|1|100|28|60,80,20|0|0.00|0
2115|2|300|34|4,1,10|0|0.00|0
2117|1|100|28|60,80,20|0|0.00|0
2117|2|300|34|4,1,10|0|0.00|0
2118|1|100|28|60,80,20|0|0.00|0
2118|2|300|34|4,1,10|0|0.00|0
2120|1|100|28|60,80,20|0|0.00|0
2120|2|300|34|4,1,10|0|0.00|0
2121|1|100|28|60,80,20|0|0.00|0
2121|2|300|34|4,1,10|0|0.00|0
2122|1|100|28|60,80,20|0|0.00|0
2122|2|300|34|4,1,10|0|0.00|0
2123|1|100|28|60,80,20|0|0.00|0
2123|2|300|34|4,1,10|0|0.00|0
2124|1|100|28|60,80,20|0|0.00|0
2124|2|300|34|4,1,10|0|0.00|0
2125|1|100|28|60,80,20|0|0.00|0
2125|2|300|34|4,1,10|0|0.00|0
2150|1|50|28|0,100,60|0|0.00|0
2150|2|150|31|3,5,10|0|0.00|0
2150|3|300|28|120,50,0|0|0.00|0
2150|4|500|34|3,5,12|0|0.00|0
2151|1|50|28|0,100,60|0|0.00|0
2151|2|150|31|3,5,10|0|0.00|0
2151|3|300|28|120,50,0|0|0.00|0
2151|4|500|34|3,5,12|0|0.00|0
2152|1|50|4|120|0|0.00|0
2152|2|150|31|3,5,10|0|0.00|0
2152|3|300|5|100|0|0.00|0
2152|4|500|34|4,5,10|0|0.00|0
2153|1|50|4|120|0|0.00|0
2153|2|150|31|3,5,10|0|0.00|0
2153|3|300|5|100|0|0.00|0
2153|4|500|34|4,5,12|0|0.00|0
2154|1|50|28|60,120,30|0|0.00|0
2154|2|150|34|3,5,10|0|0.00|0
2154|3|300|28|100,100,60|0|0.00|0
2154|4|500|34|3,5,12|0|0.00|0
2155|1|50|4|120|0|0.00|0
2155|2|150|31|3,5,10|0|0.00|0
2155|3|300|5|100|0|0.00|0
2155|4|500|34|4,5,12|0|0.00|0
2156|1|50|4|120|0|0.00|0
2156|2|150|31|3,5,10|0|0.00|0
2156|3|300|5|100|0|0.00|0
2156|4|500|34|4,5,12|0|0.00|0
2157|1|50|28|100,120,50|0|0.00|0
2157|2|150|39|3,3,12|0|0.00|0
2157|3|300|21|4,40|0|0.00|0
2157|4|500|38|3,3,15|0|0.00|0
2158|1|50|28|100,120,50|0|0.00|0
2158|2|150|39|3,3,12|0|0.00|0
2158|3|300|21|4,40|0|0.00|0
2158|4|500|38|3,3,15|0|0.00|0
2159|1|50|4|120|0|0.00|0
2159|2|150|39|3,3,12|0|0.00|0
2159|3|300|5|100|0|0.00|0
2159|4|500|38|4,3,12|0|0.00|0
2162|1|100|28|75,100,25|0|0.00|0
2162|2|300|14|4,10|0|0.00|0
2163|1|100|28|75,100,25|0|0.00|0
2163|2|300|14|4,10|0|0.00|0
2169|1|100|28|60,80,20|0|0.00|0
2169|2|300|9|5|0|0.00|0
2181|1|100|5|120|0|0.00|0
2181|2|200|14|4,12|0|0.00|0
2181|3|350|4|550|0|0.00|0
2181|4|600|21|1,40|0|0.00|0
2182|1|100|6|50|0|0.00|0
2182|2|200|14|4,12|0|0.00|0
2182|3|350|5|120|0|0.00|0
2182|4|600|21|2,40|0|0.00|0
2183|1|100|4|200|0|0.00|0
2183|2|200|14|4,12|0|0.00|0
2183|3|350|5|160|0|0.00|0
2183|4|600|21|3,40|0|0.00|0
2184|1|100|5|120|0|0.00|0
2184|2|200|15|4,12|0|0.00|0
2184|3|350|4|380|0|0.00|0
2184|4|600|14|4,12|0|0.00|0
2185|1|100|6|50|0|0.00|0
2185|2|200|15|4,12|0|0.00|0
2185|3|350|5|100|0|0.00|0
2185|4|600|14|4,12|0|0.00|0
2186|1|50|28|0,100,100|0|0.00|0
2186|2|150|31|3,10,12|0|0.00|0
2186|3|300|28|100,100,0|0|0.00|0
2186|4|500|34|3,10,12|0|0.00|0
2187|1|50|6|50|0|0.00|0
2187|2|150|31|4,10,12|0|0.00|0
2187|3|300|4|120|0|0.00|0
2187|4|500|34|4,10,12|0|0.00|0
2188|1|50|28|0,100,100|0|0.00|0
2188|2|150|31|3,10,12|0|0.00|0
2188|3|300|28|100,100,0|0|0.00|0
2188|4|500|34|3,10,12|0|0.00|0
2189|1|50|28|0,160,60|0|0.00|0
2189|2|150|9|5|0|0.00|0
2189|3|300|28|90,0,60|0|0.00|0
2189|4|500|34|3,10,12|0|0.00|0
2190|1|50|6|55|0|0.00|0
2190|2|150|31|4,10,12|0|0.00|0
2190|3|300|4|110|0|0.00|0
2190|4|500|34|4,10,12|0|0.00|0
2191|1|50|6|50|0|0.00|0
2191|2|150|31|4,10,12|0|0.00|0
2191|3|300|4|120|0|0.00|0
2191|4|500|34|4,10,12|0|0.00|0
2192|1|50|6|60|0|0.00|0
2192|2|150|31|4,10,12|0|0.00|0
2192|3|300|4|100|0|0.00|0
2192|4|500|34|4,10,12|0|0.00|0
2193|1|50|6|60|0|0.00|0
2193|2|150|31|4,10,12|0|0.00|0
2193|3|300|4|100|0|0.00|0
2193|4|500|34|4,10,12|0|0.00|0
221|1|100|5|120|0|0.00|0
221|2|200|22|75|0|0.00|0
221|3|350|4|550|0|0.00|0
221|4|600|8|2|0|0.00|0
222|1|100|5|120|0|0.00|0
222|2|200|22|75|0|0.00|0
222|3|350|4|550|0|0.00|0
222|4|600|8|2|0|0.00|0
591|1|100|5|120|0|0.00|0
591|2|200|22|75|0|0.00|0
591|3|350|4|550|0|0.00|0
591|4|600|8|2|0|0.00|0
1081|1|100|5|120|0|0.00|0
1081|2|200|22|75|0|0.00|0
1081|3|350|4|550|0|0.00|0
1081|4|600|8|2|0|0.00|0
223|1|100|6|50|0|0.00|0
223|2|200|22|76|0|0.00|0
223|3|350|5|120|0|0.00|0
223|4|600|8|2|0|0.00|0
224|1|100|6|50|0|0.00|0
224|2|200|22|76|0|0.00|0
224|3|350|5|120|0|0.00|0
224|4|600|8|2|0|0.00|0
592|1|100|6|50|0|0.00|0
592|2|200|22|76|0|0.00|0
592|3|350|5|120|0|0.00|0
592|4|600|8|2|0|0.00|0
1083|1|100|6|50|0|0.00|0
1083|2|200|22|76|0|0.00|0
1083|3|350|5|120|0|0.00|0
1083|4|600|8|2|0|0.00|0
225|1|100|4|200|0|0.00|0
225|2|200|22|77|0|0.00|0
225|3|350|5|160|0|0.00|0
225|4|600|8|2|0|0.00|0
226|1|100|4|200|0|0.00|0
226|2|200|22|77|0|0.00|0
226|3|350|5|160|0|0.00|0
226|4|600|8|2|0|0.00|0
593|1|100|4|200|0|0.00|0
593|2|200|22|77|0|0.00|0
593|3|350|5|160|0|0.00|0
593|4|600|8|2|0|0.00|0
1085|1|100|4|200|0|0.00|0
1085|2|200|22|77|0|0.00|0
1085|3|350|5|160|0|0.00|0
1085|4|600|8|2|0|0.00|0
227|1|100|5|120|0|0.00|0
227|2|200|10|659|0|0.00|0
227|3|350|4|380|0|0.00|0
227|4|600|11|878|0|0.00|0
228|1|100|5|120|0|0.00|0
228|2|200|10|659|0|0.00|0
228|3|350|4|380|0|0.00|0
228|4|600|11|878|0|0.00|0
2281|1|50|28|120,160,40|0|0.00|0
2281|2|150|31|3,1,12|0|0.00|0
2281|3|300|34|3,1,12|0|0.00|0
2281|4|500|30|2281,4|0|0.00|0
2282|1|50|28|120,160,40|0|0.00|0
2282|2|150|31|4,1,15|0|0.00|0
2282|3|300|34|4,1,15|0|0.00|0
2282|4|500|30|2282,4|0|0.00|0
2283|1|50|6|35|0|0.00|0
2283|2|150|39|3,4,12|0|0.00|0
2283|3|300|28|60,120,0|0|0.00|0
2283|4|500|38|3,4,12|0|0.00|0
2284|1|50|6|35|0|0.00|0
2284|2|150|39|3,4,12|0|0.00|0
2284|3|300|28|60,120,0|0|0.00|0
2284|4|500|38|3,4,12|0|0.00|0
2285|1|50|28|120,160,40|0|0.00|0
2285|2|150|38|3,4,15|0|0.00|0
2285|3|300|38|3,4,15|0|0.00|0
2285|4|500|30|2285,4|0|0.00|0
2286|1|50|28|60,120,35|0|0.00|0
2286|2|150|39|3,4,12|0|0.00|0
2286|3|300|38|3,4,12|0|0.00|0
2286|4|500|30|2286,4|0|0.00|0
2287|1|50|6|35|0|0.00|0
2287|2|150|31|4,1,10|0|0.00|0
2287|3|300|28|60,120,0|0|0.00|0
2287|4|500|34|4,1,10|0|0.00|0
2288|1|50|6|35|0|0.00|0
2288|2|150|34|4,1,10|0|0.00|0
2288|3|300|28|60,120,0|0|0.00|0
2288|4|500|34|4,1,10|0|0.00|0
2289|1|50|6|35|0|0.00|0
2289|2|150|39|3,4,12|0|0.00|0
2289|3|300|28|60,120,0|0|0.00|0
2289|4|500|38|3,4,12|0|0.00|0
229|1|100|6|50|0|0.00|0
229|2|200|15|3,10|0|0.00|0
229|3|350|5|100|0|0.00|0
229|4|600|14|4,10|0|0.00|0
230|1|100|6|50|0|0.00|0
230|2|200|15|3,10|0|0.00|0
230|3|350|5|100|0|0.00|0
230|4|600|14|4,10|0|0.00|0
595|1|100|6|50|0|0.00|0
595|2|200|15|3,10|0|0.00|0
595|3|350|5|100|0|0.00|0
595|4|600|14|4,10|0|0.00|0
1089|1|100|6|50|0|0.00|0
1089|2|200|15|3,10|0|0.00|0
1089|3|350|5|100|0|0.00|0
1089|4|600|14|4,10|0|0.00|0
1090|1|100|6|50|0|0.00|0
1090|2|200|15|3,10|0|0.00|0
1090|3|350|5|100|0|0.00|0
1090|4|600|14|4,10|0|0.00|0
24|1|50|4|180|0|0.00|0
24|2|100|22|75|0|0.00|0
24|3|200|4|500|0|0.00|0
24|4|400|22|444|0|0.00|0
511|1|50|4|180|0|0.00|0
511|2|100|22|75|0|0.00|0
511|3|200|4|500|0|0.00|0
511|4|400|22|444|0|0.00|0
28|1|50|4|180|0|0.00|0
28|2|100|22|180|0|0.00|0
28|3|200|5|140|0|0.00|0
28|4|400|22|592|0|0.00|0
512|1|50|4|180|0|0.00|0
512|2|100|22|180|0|0.00|0
512|3|200|5|140|0|0.00|0
512|4|400|22|592|0|0.00|0
296|1|50|6|50|0|0.00|0
296|2|100|15|3,10|0|0.00|0
296|3|200|6|100|0|0.00|0
296|4|400|11|773|0|0.00|0
299|1|50|6|50|0|0.00|0
299|2|100|15|3,10|0|0.00|0
299|3|200|6|100|0|0.00|0
299|4|400|21|6,25|0|0.00|0
302|1|50|6|50|0|0.00|0
302|2|100|15|3,5|0|0.00|0
302|3|200|6|100|0|0.00|0
302|4|400|11|774|0|0.00|0
305|1|50|6|50|0|0.00|0
305|2|100|15|3,10|0|0.00|0
305|3|200|6|100|0|0.00|0
305|4|400|11|775|0|0.00|0
308|1|50|6|50|0|0.00|0
308|2|100|15|3,10|0|0.00|0
308|3|200|6|100|0|0.00|0
308|4|400|9|3|0|0.00|0
310|1|50|5|90|0|0.00|0
310|2|100|9|1|0|0.00|0
310|3|200|4|500|0|0.00|0
310|4|400|21|6,25|0|0.00|0
571|1|50|5|90|0|0.00|0
571|2|100|9|1|0|0.00|0
571|3|200|4|500|0|0.00|0
571|4|400|21|6,25|0|0.00|0
312|1|50|5|90|0|0.00|0
312|2|100|9|1|0|0.00|0
312|3|200|4|500|0|0.00|0
312|4|400|21|6,25|0|0.00|0
572|1|50|5|90|0|0.00|0
572|2|100|9|1|0|0.00|0
572|3|200|4|500|0|0.00|0
572|4|400|21|6,25|0|0.00|0
314|1|50|5|90|0|0.00|0
314|2|100|9|1|0|0.00|0
314|3|200|4|500|0|0.00|0
314|4|400|21|6,25|0|0.00|0
573|1|50|5|90|0|0.00|0
573|2|100|9|1|0|0.00|0
573|3|200|4|500|0|0.00|0
573|4|400|21|6,25|0|0.00|0
316|1|50|5|90|0|0.00|0
316|2|100|9|2|0|0.00|0
316|3|200|4|500|0|0.00|0
316|4|400|21|6,25|0|0.00|0
574|1|50|5|90|0|0.00|0
574|2|100|9|2|0|0.00|0
574|3|200|4|500|0|0.00|0
574|4|400|21|6,25|0|0.00|0
318|1|50|5|90|0|0.00|0
318|2|100|9|2|0|0.00|0
318|3|200|4|500|0|0.00|0
318|4|400|21|6,25|0|0.00|0
575|1|50|5|90|0|0.00|0
575|2|100|9|2|0|0.00|0
575|3|200|4|500|0|0.00|0
575|4|400|21|6,25|0|0.00|0
32|1|50|4|180|0|0.00|0
32|2|100|9|3|0|0.00|0
32|3|200|5|140|0|0.00|0
32|4|400|9|4|0|0.00|0
513|1|50|4|180|0|0.00|0
513|2|100|9|3|0|0.00|0
513|3|200|5|140|0|0.00|0
513|4|400|9|4|0|0.00|0
344|1|50|6|50|0|0.00|0
344|2|150|14|4,10|0|0.00|0
344|3|300|5|120|0|0.00|0
344|4|500|9|2|0|0.00|0
345|1|50|6|50|0|0.00|0
345|2|150|14|4,10|0|0.00|0
345|3|300|5|120|0|0.00|0
345|4|500|9|2|0|0.00|0
1046|1|50|6|50|0|0.00|0
1046|2|150|14|4,10|0|0.00|0
1046|3|300|5|120|0|0.00|0
1046|4|500|9|2|0|0.00|0
346|1|50|6|50|0|0.00|0
346|2|150|14|4,10|0|0.00|0
346|3|300|5|120|0|0.00|0
346|4|500|9|2|0|0.00|0
347|1|50|6|50|0|0.00|0
347|2|150|14|4,10|0|0.00|0
347|3|300|5|120|0|0.00|0
347|4|500|9|2|0|0.00|0
1047|1|50|6|50|0|0.00|0
1047|2|150|14|4,10|0|0.00|0
1047|3|300|5|120|0|0.00|0
1047|4|500|9|2|0|0.00|0
348|1|50|6|50|0|0.00|0
348|2|150|14|4,10|0|0.00|0
348|3|300|5|120|0|0.00|0
348|4|500|9|4|0|0.00|0
349|1|50|6|50|0|0.00|0
349|2|150|14|4,10|0|0.00|0
349|3|300|5|120|0|0.00|0
349|4|500|9|4|0|0.00|0
1048|1|50|6|50|0|0.00|0
1048|2|150|14|4,10|0|0.00|0
1048|3|300|5|120|0|0.00|0
1048|4|500|9|4|0|0.00|0
355|1|50|4|170|0|0.00|0
355|2|150|9|2|0|0.00|0
355|3|300|5|180|0|0.00|0
355|4|500|14|3,10|0|0.00|0
356|1|50|4|170|0|0.00|0
356|2|150|9|2|0|0.00|0
356|3|300|5|180|0|0.00|0
356|4|500|14|3,10|0|0.00|0
816|1|50|4|170|0|0.00|0
816|2|150|9|2|0|0.00|0
816|3|300|5|180|0|0.00|0
816|4|500|14|3,10|0|0.00|0
816|5|0|11|1846|1|1.10|3720
357|1|50|4|170|0|0.00|0
357|2|150|9|2|0|0.00|0
357|3|300|5|180|0|0.00|0
357|4|500|11|681|0|0.00|0
358|1|50|4|170|0|0.00|0
358|2|150|9|2|0|0.00|0
358|3|300|5|180|0|0.00|0
358|4|500|11|681|0|0.00|0
817|1|50|4|170|0|0.00|0
817|2|150|9|2|0|0.00|0
817|3|300|5|180|0|0.00|0
817|4|500|11|681|0|0.00|0
817|5|0|10001|10001|1|1.10|3721
359|1|50|4|170|0|0.00|0
359|2|150|22|592|0|0.00|0
359|3|300|5|180|0|0.00|0
359|4|500|22|180|0|0.00|0
360|1|50|4|170|0|0.00|0
360|2|150|22|592|0|0.00|0
360|3|300|5|180|0|0.00|0
360|4|500|22|180|0|0.00|0
818|1|50|4|170|0|0.00|0
818|2|150|22|592|0|0.00|0
818|3|300|5|180|0|0.00|0
818|4|500|22|180|0|0.00|0
818|5|0|10002|10002|1|1.10|3722
36|1|50|4|180|0|0.00|0
36|2|100|9|3|0|0.00|0
36|3|200|5|140|0|0.00|0
36|4|400|9|4|0|0.00|0
514|1|50|4|180|0|0.00|0
514|2|100|9|3|0|0.00|0
514|3|200|5|140|0|0.00|0
514|4|400|9|4|0|0.00|0
361|1|50|4|170|0|0.00|0
361|2|150|9|2|0|0.00|0
361|3|300|5|180|0|0.00|0
361|4|500|11|189|0|0.00|0
362|1|50|4|170|0|0.00|0
362|2|150|9|2|0|0.00|0
362|3|300|5|180|0|0.00|0
362|4|500|11|189|0|0.00|0
819|1|50|4|170|0|0.00|0
819|2|150|9|2|0|0.00|0
819|3|300|5|180|0|0.00|0
819|4|500|11|189|0|0.00|0
819|5|0|11|1842|1|1.10|3723
363|1|50|4|170|0|0.00|0
363|2|150|9|2|0|0.00|0
363|3|300|5|180|0|0.00|0
363|4|500|11|681|0|0.00|0
364|1|50|4|170|0|0.00|0
364|2|150|9|2|0|0.00|0
364|3|300|5|180|0|0.00|0
364|4|500|11|681|0|0.00|0
820|1|50|4|170|0|0.00|0
820|2|150|9|2|0|0.00|0
820|3|300|5|180|0|0.00|0
820|4|500|11|681|0|0.00|0
820|5|0|10003|10003|1|1.10|3724
365|1|50|4|170|0|0.00|0
365|2|150|9|2|0|0.00|0
365|3|300|5|180|0|0.00|0
365|4|500|14|3,10|0|0.00|0
366|1|50|4|170|0|0.00|0
366|2|150|9|2|0|0.00|0
366|3|300|5|180|0|0.00|0
366|4|500|14|3,10|0|0.00|0
821|1|50|4|170|0|0.00|0
821|2|150|9|2|0|0.00|0
821|3|300|5|180|0|0.00|0
821|4|500|14|3,10|0|0.00|0
821|5|0|10004|10004|1|1.10|3725
367|1|50|4|170|0|0.00|0
367|2|150|9|2|0|0.00|0
367|3|300|5|180|0|0.00|0
367|4|500|14|3,10|0|0.00|0
368|1|50|4|170|0|0.00|0
368|2|150|9|2|0|0.00|0
368|3|300|5|180|0|0.00|0
368|4|500|14|3,10|0|0.00|0
822|1|50|4|170|0|0.00|0
822|2|150|9|2|0|0.00|0
822|3|300|5|180|0|0.00|0
822|4|500|14|3,10|0|0.00|0
822|5|0|10005|10005|1|1.10|3950
369|1|50|4|170|0|0.00|0
369|2|150|14|4,10|0|0.00|0
369|3|300|5|180|0|0.00|0
369|4|500|22|845|0|0.00|0
370|1|50|4|170|0|0.00|0
370|2|150|14|4,10|0|0.00|0
370|3|300|5|180|0|0.00|0
370|4|500|22|845|0|0.00|0
823|1|50|4|170|0|0.00|0
823|2|150|14|4,10|0|0.00|0
823|3|300|5|180|0|0.00|0
823|4|500|22|845|0|0.00|0
823|5|0|10006|10006|1|1.10|3951
371|1|50|4|170|0|0.00|0
371|2|150|9|2|0|0.00|0
371|3|300|5|180|0|0.00|0
371|4|500|11|735|0|0.00|0
372|1|50|4|170|0|0.00|0
372|2|150|9|2|0|0.00|0
372|3|300|5|180|0|0.00|0
372|4|500|11|735|0|0.00|0
824|1|50|4|170|0|0.00|0
824|2|150|9|2|0|0.00|0
824|3|300|5|180|0|0.00|0
824|4|500|11|735|0|0.00|0
824|5|0|10007|10007|1|1.10|3952
373|1|50|4|170|0|0.00|0
373|2|150|15|3,10|0|0.00|0
373|3|300|5|180|0|0.00|0
373|4|500|14|4,10|0|0.00|0
374|1|50|4|170|0|0.00|0
374|2|150|15|3,10|0|0.00|0
374|3|300|5|180|0|0.00|0
374|4|500|14|4,10|0|0.00|0
825|1|50|4|170|0|0.00|0
825|2|150|15|3,10|0|0.00|0
825|3|300|5|180|0|0.00|0
825|4|500|14|4,10|0|0.00|0
825|5|0|10008|10008|1|1.10|3953
375|1|50|4|170|0|0.00|0
375|2|150|9|2|0|0.00|0
375|3|300|5|180|0|0.00|0
375|4|500|11|1377|0|0.00|0
376|1|50|4|170|0|0.00|0
376|2|150|9|2|0|0.00|0
376|3|300|5|180|0|0.00|0
376|4|500|11|1377|0|0.00|0
826|1|50|4|170|0|0.00|0
826|2|150|9|2|0|0.00|0
826|3|300|5|180|0|0.00|0
826|4|500|11|1377|0|0.00|0
826|5|0|11|1877|1|1.10|3954
377|1|50|4|170|0|0.00|0
377|2|150|15|3,10|0|0.00|0
377|3|300|5|180|0|0.00|0
377|4|500|14|4,10|0|0.00|0
378|1|50|4|170|0|0.00|0
378|2|150|15|3,10|0|0.00|0
378|3|300|5|180|0|0.00|0
378|4|500|14|4,10|0|0.00|0
827|1|50|4|170|0|0.00|0
827|2|150|15|3,10|0|0.00|0
827|3|300|5|180|0|0.00|0
827|4|500|14|4,10|0|0.00|0
827|5|0|10009|10009|1|1.10|3955
388|1|50|6|20|0|0.00|0
388|2|150|9|2|0|0.00|0
388|3|300|4|200|0|0.00|0
388|4|500|14|4,10|0|0.00|0
389|1|50|6|20|0|0.00|0
389|2|150|9|2|0|0.00|0
389|3|300|4|200|0|0.00|0
389|4|500|14|4,10|0|0.00|0
390|1|50|6|20|0|0.00|0
390|2|150|9|2|0|0.00|0
390|3|300|4|200|0|0.00|0
390|4|500|14|4,10|0|0.00|0
391|1|50|6|20|0|0.00|0
391|2|150|9|2|0|0.00|0
391|3|300|4|200|0|0.00|0
391|4|500|14|4,10|0|0.00|0
392|1|50|6|20|0|0.00|0
392|2|150|22|77|0|0.00|0
392|3|300|4|200|0|0.00|0
392|4|500|22|446|0|0.00|0
393|1|50|6|20|0|0.00|0
393|2|150|22|77|0|0.00|0
393|3|300|4|200|0|0.00|0
393|4|500|22|446|0|0.00|0
394|1|50|6|20|0|0.00|0
394|2|150|22|180|0|0.00|0
394|3|300|4|200|0|0.00|0
394|4|500|22|78|0|0.00|0
395|1|50|6|20|0|0.00|0
395|2|150|22|180|0|0.00|0
395|3|300|4|200|0|0.00|0
395|4|500|22|78|0|0.00|0
396|1|50|6|20|0|0.00|0
396|2|150|9|2|0|0.00|0
396|3|300|4|200|0|0.00|0
396|4|500|11|736|0|0.00|0
397|1|50|6|20|0|0.00|0
397|2|150|9|2|0|0.00|0
397|3|300|4|200|0|0.00|0
397|4|500|11|736|0|0.00|0
4|1|50|6|20|0|0.00|0
4|2|150|9|2|0|0.00|0
4|3|300|5|120|0|0.00|0
4|4|500|14|4,10|0|0.00|0
408|1|50|6|20|0|0.00|0
408|2|150|9|2|0|0.00|0
408|3|300|5|120|0|0.00|0
408|4|500|14|4,10|0|0.00|0
40|1|50|4|180|0|0.00|0
40|2|100|22|180|0|0.00|0
40|3|200|5|140|0|0.00|0
40|4|400|22|592|0|0.00|0
515|1|50|4|180|0|0.00|0
515|2|100|22|180|0|0.00|0
515|3|200|5|140|0|0.00|0
515|4|400|22|592|0|0.00|0
413|1|50|5|90|0|0.00|0
413|2|100|14|3,10|0|0.00|0
413|3|200|4|500|0|0.00|0
413|4|400|14|4,10|0|0.00|0
414|1|50|5|90|0|0.00|0
414|2|100|14|3,10|0|0.00|0
414|3|200|4|500|0|0.00|0
414|4|400|14|4,10|0|0.00|0
1066|1|50|5|90|0|0.00|0
1066|2|100|14|3,10|0|0.00|0
1066|3|200|4|500|0|0.00|0
1066|4|400|14|4,10|0|0.00|0
415|1|50|5|90|0|0.00|0
415|2|100|14|3,10|0|0.00|0
415|3|200|4|500|0|0.00|0
415|4|400|14|4,10|0|0.00|0
416|1|50|5|90|0|0.00|0
416|2|100|14|3,10|0|0.00|0
416|3|200|4|500|0|0.00|0
416|4|400|14|4,10|0|0.00|0
1067|1|50|5|90|0|0.00|0
1067|2|100|14|3,10|0|0.00|0
1067|3|200|4|500|0|0.00|0
1067|4|400|14|4,10|0|0.00|0
417|1|50|5|90|0|0.00|0
417|2|100|14|3,10|0|0.00|0
417|3|200|4|500|0|0.00|0
417|4|400|14|4,10|0|0.00|0
418|1|50|5|90|0|0.00|0
418|2|100|14|3,10|0|0.00|0
418|3|200|4|500|0|0.00|0
418|4|400|14|4,10|0|0.00|0
1068|1|50|5|90|0|0.00|0
1068|2|100|14|3,10|0|0.00|0
1068|3|200|4|500|0|0.00|0
1068|4|400|14|4,10|0|0.00|0
419|1|50|5|90|0|0.00|0
419|2|100|14|3,10|0|0.00|0
419|3|200|4|500|0|0.00|0
419|4|400|14|4,10|0|0.00|0
420|1|50|5|90|0|0.00|0
420|2|100|14|3,10|0|0.00|0
420|3|200|4|500|0|0.00|0
420|4|400|14|4,10|0|0.00|0
1069|1|50|5|90|0|0.00|0
1069|2|100|14|3,10|0|0.00|0
1069|3|200|4|500|0|0.00|0
1069|4|400|14|4,10|0|0.00|0
421|1|50|5|90|0|0.00|0
421|2|100|14|3,10|0|0.00|0
421|3|200|4|500|0|0.00|0
421|4|400|14|4,10|0|0.00|0
422|1|50|5|90|0|0.00|0
422|2|100|14|3,10|0|0.00|0
422|3|200|4|500|0|0.00|0
422|4|400|14|4,10|0|0.00|0
1070|1|50|5|90|0|0.00|0
1070|2|100|14|3,10|0|0.00|0
1070|3|200|4|500|0|0.00|0
1070|4|400|14|4,10|0|0.00|0
432|1|50|6|50|0|0.00|0
432|2|100|22|75|0|0.00|0
432|3|200|4|200|0|0.00|0
432|4|400|32|3,1,15|0|0.00|0
433|1|50|6|50|0|0.00|0
433|2|100|22|75|0|0.00|0
433|3|200|4|200|0|0.00|0
433|4|400|32|3,1,15|0|0.00|0
434|1|50|6|50|0|0.00|0
434|2|100|22|76|0|0.00|0
434|3|200|4|200|0|0.00|0
434|4|400|32|3,2,15|0|0.00|0
435|1|50|6|50|0|0.00|0
435|2|100|22|76|0|0.00|0
435|3|200|4|200|0|0.00|0
435|4|400|32|3,2,15|0|0.00|0
436|1|50|6|50|0|0.00|0
436|2|100|22|77|0|0.00|0
436|3|200|4|200|0|0.00|0
436|4|400|32|3,3,15|0|0.00|0
437|1|50|6|50|0|0.00|0
437|2|100|22|77|0|0.00|0
437|3|200|4|200|0|0.00|0
437|4|400|32|3,3,15|0|0.00|0
466|1|50|28|120,170,0|0|0.00|0
466|2|150|14|3,10|0|0.00|0
466|3|300|21|1,25|0|0.00|0
466|4|500|8|4|0|0.00|0
467|1|50|28|120,170,0|0|0.00|0
467|2|150|14|3,10|0|0.00|0
467|3|300|21|1,25|0|0.00|0
467|4|500|8|4|0|0.00|0
711|1|50|28|120,170,0|0|0.00|0
711|2|150|14|3,10|0|0.00|0
711|3|300|21|1,25|0|0.00|0
711|4|500|8|4|0|0.00|0
1326|1|50|28|120,170,0|0|0.00|0
1326|2|150|14|3,10|0|0.00|0
1326|3|300|21|1,25|0|0.00|0
1326|4|500|8|4|0|0.00|0
1327|1|50|28|120,170,0|0|0.00|0
1327|2|150|14|3,10|0|0.00|0
1327|3|300|21|1,25|0|0.00|0
1327|4|500|8|4|0|0.00|0
468|1|50|28|120,170,0|0|0.00|0
468|2|150|14|3,10|0|0.00|0
468|3|300|21|2,25|0|0.00|0
468|4|500|8|4|0|0.00|0
469|1|50|28|120,170,0|0|0.00|0
469|2|150|14|3,10|0|0.00|0
469|3|300|21|2,25|0|0.00|0
469|4|500|8|4|0|0.00|0
712|1|50|28|120,170,0|0|0.00|0
712|2|150|14|3,10|0|0.00|0
712|3|300|21|2,25|0|0.00|0
712|4|500|8|4|0|0.00|0
1328|1|50|28|120,170,0|0|0.00|0
1328|2|150|14|3,10|0|0.00|0
1328|3|300|21|2,25|0|0.00|0
1328|4|500|8|4|0|0.00|0
1329|1|50|28|120,170,0|0|0.00|0
1329|2|150|14|3,10|0|0.00|0
1329|3|300|21|2,25|0|0.00|0
1329|4|500|8|4|0|0.00|0
470|1|50|28|120,170,0|0|0.00|0
470|2|150|14|3,10|0|0.00|0
470|3|300|21|3,25|0|0.00|0
470|4|500|8|4|0|0.00|0
471|1|50|28|120,170,0|0|0.00|0
471|2|150|14|3,10|0|0.00|0
471|3|300|21|3,25|0|0.00|0
471|4|500|8|4|0|0.00|0
713|1|50|28|120,170,0|0|0.00|0
713|2|150|14|3,10|0|0.00|0
713|3|300|21|3,25|0|0.00|0
713|4|500|8|4|0|0.00|0
1330|1|50|28|120,170,0|0|0.00|0
1330|2|150|14|3,10|0|0.00|0
1330|3|300|21|3,25|0|0.00|0
1330|4|500|8|4|0|0.00|0
1331|1|50|28|120,170,0|0|0.00|0
1331|2|150|14|3,10|0|0.00|0
1331|3|300|21|3,25|0|0.00|0
1331|4|500|8|4|0|0.00|0
472|1|50|4|170|0|0.00|0
472|2|150|8|4|0|0.00|0
472|3|300|5|120|0|0.00|0
472|4|500|10|592|0|0.00|0
473|1|50|4|170|0|0.00|0
473|2|150|8|4|0|0.00|0
473|3|300|5|120|0|0.00|0
473|4|500|10|592|0|0.00|0
474|1|50|4|170|0|0.00|0
474|2|150|8|4|0|0.00|0
474|3|300|5|120|0|0.00|0
474|4|500|10|592|0|0.00|0
475|1|50|4|170|0|0.00|0
475|2|150|8|4|0|0.00|0
475|3|300|5|120|0|0.00|0
475|4|500|10|592|0|0.00|0
497|1|50|4|50|0|0.00|0
497|2|100|22|78|0|0.00|0
497|3|200|6|100|0|0.00|0
497|4|400|32|3,4,15|0|0.00|0
498|1|50|4|50|0|0.00|0
498|2|100|22|78|0|0.00|0
498|3|200|6|100|0|0.00|0
498|4|400|32|3,4,15|0|0.00|0
499|1|50|4|50|0|0.00|0
499|2|100|22|79|0|0.00|0
499|3|200|6|100|0|0.00|0
499|4|400|32|3,5,15|0|0.00|0
500|1|50|4|50|0|0.00|0
500|2|100|22|79|0|0.00|0
500|3|200|6|100|0|0.00|0
500|4|400|32|3,5,15|0|0.00|0
531|1|50|6|50|0|0.00|0
531|2|150|14|4,10|0|0.00|0
531|3|300|5|120|0|0.00|0
531|4|500|21|1,25|0|0.00|0
532|1|50|6|50|0|0.00|0
532|2|150|14|4,10|0|0.00|0
532|3|300|5|120|0|0.00|0
532|4|500|21|1,25|0|0.00|0
533|1|50|5|90|0|0.00|0
533|2|150|22|592|0|0.00|0
533|3|300|4|340|0|0.00|0
533|4|500|22|180|0|0.00|0
534|1|50|5|90|0|0.00|0
534|2|150|22|592|0|0.00|0
534|3|300|4|340|0|0.00|0
534|4|500|22|180|0|0.00|0
535|1|50|6|50|0|0.00|0
535|2|150|9|2|0|0.00|0
535|3|300|5|120|0|0.00|0
535|4|500|14|4,10|0|0.00|0
536|1|50|6|50|0|0.00|0
536|2|150|9|2|0|0.00|0
536|3|300|5|120|0|0.00|0
536|4|500|14|4,10|0|0.00|0
537|1|50|5|90|0|0.00|0
537|2|150|22|592|0|0.00|0
537|3|300|4|340|0|0.00|0
537|4|500|22|180|0|0.00|0
538|1|50|5|90|0|0.00|0
538|2|150|22|592|0|0.00|0
538|3|300|4|340|0|0.00|0
538|4|500|22|180|0|0.00|0
539|1|50|5|90|0|0.00|0
539|2|150|14|4,10|0|0.00|0
539|3|300|4|340|0|0.00|0
539|4|500|22|845|0|0.00|0
540|1|50|5|90|0|0.00|0
540|2|150|14|4,10|0|0.00|0
540|3|300|4|340|0|0.00|0
540|4|500|22|845|0|0.00|0
588|1|50|5|80|0|0.00|0
588|2|150|14|4,10|0|0.00|0
588|3|300|4|320|0|0.00|0
588|4|500|8|2|0|0.00|0
589|1|50|6|20|0|0.00|0
589|2|150|14|4,10|0|0.00|0
589|3|300|5|180|0|0.00|0
589|4|500|8|2|0|0.00|0
594|1|100|5|120|0|0.00|0
594|2|200|10|658|0|0.00|0
594|3|350|4|380|0|0.00|0
594|4|600|11|874|0|0.00|0
596|1|50|4|90|0|0.00|0
596|2|100|9|2|0|0.00|0
596|3|200|5|120|0|0.00|0
596|4|400|14|3,10|0|0.00|0
597|1|50|4|90|0|0.00|0
597|2|100|9|2|0|0.00|0
597|3|200|5|120|0|0.00|0
597|4|400|14|3,10|0|0.00|0
1366|1|50|4|90|0|0.00|0
1366|2|100|9|2|0|0.00|0
1366|3|200|5|120|0|0.00|0
1366|4|400|14|3,10|0|0.00|0
598|1|50|4|90|0|0.00|0
598|2|100|9|2|0|0.00|0
598|3|200|5|120|0|0.00|0
598|4|400|14|3,10|0|0.00|0
599|1|50|4|90|0|0.00|0
599|2|100|9|2|0|0.00|0
599|3|200|5|120|0|0.00|0
599|4|400|14|3,10|0|0.00|0
1367|1|50|4|90|0|0.00|0
1367|2|100|9|2|0|0.00|0
1367|3|200|5|120|0|0.00|0
1367|4|400|14|3,10|0|0.00|0
600|1|50|4|90|0|0.00|0
600|2|100|9|2|0|0.00|0
600|3|200|5|120|0|0.00|0
600|4|400|14|3,10|0|0.00|0
601|1|50|4|90|0|0.00|0
601|2|100|9|2|0|0.00|0
601|3|200|5|120|0|0.00|0
601|4|400|14|3,10|0|0.00|0
1368|1|50|4|90|0|0.00|0
1368|2|100|9|2|0|0.00|0
1368|3|200|5|120|0|0.00|0
1368|4|400|14|3,10|0|0.00|0
602|1|50|4|90|0|0.00|0
602|2|100|9|2|0|0.00|0
602|3|200|5|120|0|0.00|0
602|4|400|14|3,10|0|0.00|0
603|1|50|4|90|0|0.00|0
603|2|100|9|2|0|0.00|0
603|3|200|5|120|0|0.00|0
603|4|400|14|3,10|0|0.00|0
1369|1|50|4|90|0|0.00|0
1369|2|100|9|2|0|0.00|0
1369|3|200|5|120|0|0.00|0
1369|4|400|14|3,10|0|0.00|0
604|1|50|4|90|0|0.00|0
604|2|100|9|2|0|0.00|0
604|3|200|5|120|0|0.00|0
604|4|400|14|3,10|0|0.00|0
605|1|50|4|90|0|0.00|0
605|2|100|9|2|0|0.00|0
605|3|200|5|120|0|0.00|0
605|4|400|14|3,10|0|0.00|0
1370|1|50|4|90|0|0.00|0
1370|2|100|9|2|0|0.00|0
1370|3|200|5|120|0|0.00|0
1370|4|400|14|3,10|0|0.00|0
623|1|50|5|70|0|0.00|0
623|2|150|14|3,10|0|0.00|0
623|3|300|4|360|0|0.00|0
623|4|500|29|4,1000|0|0.00|0
1321|1|50|5|70|0|0.00|0
1321|2|150|14|3,10|0|0.00|0
1321|3|300|4|360|0|0.00|0
1321|4|500|29|4,1000|0|0.00|0
626|1|50|5|70|0|0.00|0
626|2|150|9|7|0|0.00|0
626|3|300|4|360|0|0.00|0
626|4|500|29|4,1000|0|0.00|0
1322|1|50|5|70|0|0.00|0
1322|2|150|9|7|0|0.00|0
1322|3|300|4|360|0|0.00|0
1322|4|500|29|4,1000|0|0.00|0
629|1|50|5|70|0|0.00|0
629|2|150|14|3,10|0|0.00|0
629|3|300|4|360|0|0.00|0
629|4|500|29|4,1000|0|0.00|0
1323|1|50|5|70|0|0.00|0
1323|2|150|14|3,10|0|0.00|0
1323|3|300|4|360|0|0.00|0
1323|4|500|29|4,1000|0|0.00|0
632|1|50|5|70|0|0.00|0
632|2|150|14|3,10|0|0.00|0
632|3|300|4|360|0|0.00|0
632|4|500|29|4,1000|0|0.00|0
1324|1|50|5|70|0|0.00|0
1324|2|150|14|3,10|0|0.00|0
1324|3|300|4|360|0|0.00|0
1324|4|500|29|4,1000|0|0.00|0
635|1|50|5|70|0|0.00|0
635|2|150|14|3,10|0|0.00|0
635|3|300|4|360|0|0.00|0
635|4|500|29|4,1000|0|0.00|0
1325|1|50|5|70|0|0.00|0
1325|2|150|14|3,10|0|0.00|0
1325|3|300|4|360|0|0.00|0
1325|4|500|29|4,1000|0|0.00|0
641|1|50|5|150|0|0.00|0
641|2|150|8|2|0|0.00|0
641|3|300|28|0,90,160|0|0.00|0
641|4|500|11|1195|0|0.00|0
642|1|50|5|60|0|0.00|0
642|2|150|8|2|0|0.00|0
642|3|300|28|0,20,250|0|0.00|0
642|4|500|11|1196|0|0.00|0
643|1|50|5|60|0|0.00|0
643|2|150|8|2|0|0.00|0
643|3|300|28|0,20,250|0|0.00|0
643|4|500|11|1197|0|0.00|0
644|1|50|5|150|0|0.00|0
644|2|150|8|2|0|0.00|0
644|3|300|28|0,90,160|0|0.00|0
644|4|500|11|1198|0|0.00|0
645|1|50|6|90|0|0.00|0
645|2|150|8|2|0|0.00|0
645|3|300|28|180,180,0|0|0.00|0
645|4|500|11|1199|0|0.00|0
651|1|100|5|120|0|0.00|0
651|2|300|4|90|0|0.00|0
652|1|100|5|120|0|0.00|0
652|2|300|4|90|0|0.00|0
653|1|100|5|120|0|0.00|0
653|2|300|4|90|0|0.00|0
654|1|100|5|120|0|0.00|0
654|2|300|6|50|0|0.00|0
655|1|100|5|120|0|0.00|0
655|2|300|6|50|0|0.00|0
656|1|50|28|240,180,0|0|0.00|0
656|2|150|14|3,10|0|0.00|0
656|3|300|11|1386|0|0.00|0
656|4|500|0|0|0|0.00|0
657|1|50|28|240,180,0|0|0.00|0
657|2|150|14|3,10|0|0.00|0
657|3|300|11|1387|0|0.00|0
657|4|500|0|0|0|0.00|0
658|1|50|28|240,180,0|0|0.00|0
658|2|150|14|3,10|0|0.00|0
658|3|300|11|1388|0|0.00|0
658|4|500|0|0|0|0.00|0
659|1|50|28|240,90,50|0|0.00|0
659|2|150|14|3,10|0|0.00|0
659|3|300|11|1389|0|0.00|0
659|4|500|0|0|0|0.00|0
660|1|50|28|240,90,50|0|0.00|0
660|2|150|14|3,10|0|0.00|0
660|3|300|11|1390|0|0.00|0
660|4|500|0|0|0|0.00|0
666|1|50|28|70,360,0|0|0.00|0
666|2|100|14|3,10|0|0.00|0
666|3|200|0|0|0|0.00|0
666|4|400|0|0|0|0.00|0
667|1|50|28|90,500,0|0|0.00|0
667|2|100|14|3,10|0|0.00|0
667|3|200|0|0|0|0.00|0
667|4|400|0|0|0|0.00|0
668|1|50|28|60,300,0|0|0.00|0
668|2|100|14|3,10|0|0.00|0
668|3|200|0|0|0|0.00|0
668|4|400|0|0|0|0.00|0
669|1|50|28|70,360,0|0|0.00|0
669|2|100|14|3,10|0|0.00|0
669|3|200|0|0|0|0.00|0
669|4|400|0|0|0|0.00|0
670|1|50|28|90,500,0|0|0.00|0
670|2|100|14|3,10|0|0.00|0
670|3|200|0|0|0|0.00|0
670|4|400|0|0|0|0.00|0
677|1|50|4|150|0|0.00|0
677|2|150|14|4,10|0|0.00|0
677|3|300|5|120|0|0.00|0
677|4|500|11|970|0|0.00|0
679|1|50|4|150|0|0.00|0
679|2|150|14|4,10|0|0.00|0
679|3|300|5|120|0|0.00|0
679|4|500|11|971|0|0.00|0
681|1|50|4|150|0|0.00|0
681|2|150|14|4,10|0|0.00|0
681|3|300|5|120|0|0.00|0
681|4|500|11|972|0|0.00|0
683|1|50|4|150|0|0.00|0
683|2|150|14|4,10|0|0.00|0
683|3|300|5|120|0|0.00|0
683|4|500|11|973|0|0.00|0
685|1|50|4|150|0|0.00|0
685|2|150|14|4,10|0|0.00|0
685|3|300|5|120|0|0.00|0
685|4|500|11|974|0|0.00|0
714|1|50|4|170|0|0.00|0
714|2|150|8|4|0|0.00|0
714|3|300|5|120|0|0.00|0
714|4|500|10|848|0|0.00|0
715|1|50|4|170|0|0.00|0
715|2|150|8|4|0|0.00|0
715|3|300|5|120|0|0.00|0
715|4|500|10|848|0|0.00|0
716|1|50|6|20|0|0.00|0
716|2|150|14|4,10|0|0.00|0
716|3|300|5|150|0|0.00|0
716|4|500|8|1|0|0.00|0
717|1|50|6|20|0|0.00|0
717|2|150|14|4,10|0|0.00|0
717|3|300|5|150|0|0.00|0
717|4|500|8|1|0|0.00|0
718|1|50|6|20|0|0.00|0
718|2|150|14|4,10|0|0.00|0
718|3|300|5|150|0|0.00|0
718|4|500|14|4,10|0|0.00|0
719|1|50|6|20|0|0.00|0
719|2|150|14|4,10|0|0.00|0
719|3|300|5|150|0|0.00|0
719|4|500|14|4,10|0|0.00|0
720|1|50|6|20|0|0.00|0
720|2|150|14|4,10|0|0.00|0
720|3|300|5|150|0|0.00|0
720|4|500|8|1|0|0.00|0
721|1|50|28|150,200,40|0|0.00|0
721|2|150|14|4,10|0|0.00|0
721|3|300|14|4,10|0|0.00|0
721|4|500|8|1|0|0.00|0
722|1|50|28|150,200,40|0|0.00|0
722|2|150|14|4,10|0|0.00|0
722|3|300|14|4,10|0|0.00|0
722|4|500|8|1|0|0.00|0
723|1|50|28|150,200,40|0|0.00|0
723|2|150|22|813|0|0.00|0
723|3|300|14|4,10|0|0.00|0
723|4|500|14|4,10|0|0.00|0
724|1|50|28|150,200,40|0|0.00|0
724|2|150|14|4,10|0|0.00|0
724|3|300|14|4,10|0|0.00|0
724|4|500|11|1384|0|0.00|0
725|1|50|28|150,200,40|0|0.00|0
725|2|150|14|4,10|0|0.00|0
725|3|300|8|1|0|0.00|0
725|4|500|11|1385|0|0.00|0
726|1|50|4|90|0|0.00|0
726|2|150|22|592|0|0.00|0
726|3|300|5|180|0|0.00|0
726|4|500|22|180|0|0.00|0
727|1|50|4|90|0|0.00|0
727|2|150|22|592|0|0.00|0
727|3|300|5|180|0|0.00|0
727|4|500|22|180|0|0.00|0
728|1|50|4|90|0|0.00|0
728|2|150|8|2|0|0.00|0
728|3|300|5|180|0|0.00|0
728|4|500|11|1139|0|0.00|0
729|1|50|4|90|0|0.00|0
729|2|150|8|2|0|0.00|0
729|3|300|5|180|0|0.00|0
729|4|500|11|1139|0|0.00|0
730|1|50|4|90|0|0.00|0
730|2|150|14|3,10|0|0.00|0
730|3|300|5|180|0|0.00|0
730|4|500|11|1140|0|0.00|0
731|1|50|4|90|0|0.00|0
731|2|150|14|3,10|0|0.00|0
731|3|300|5|180|0|0.00|0
731|4|500|11|1140|0|0.00|0
732|1|50|4|90|0|0.00|0
732|2|150|15|3,10|0|0.00|0
732|3|300|5|180|0|0.00|0
732|4|500|14|4,10|0|0.00|0
733|1|50|4|90|0|0.00|0
733|2|150|15|3,10|0|0.00|0
733|3|300|5|180|0|0.00|0
733|4|500|14|4,10|0|0.00|0
734|1|50|4|90|0|0.00|0
734|2|150|9|4|0|0.00|0
734|3|300|5|180|0|0.00|0
734|4|500|34|4,8,15|0|0.00|0
735|1|50|4|90|0|0.00|0
735|2|150|9|4|0|0.00|0
735|3|300|5|180|0|0.00|0
735|4|500|34|4,8,15|0|0.00|0
747|1|50|4|150|0|0.00|0
747|2|150|14|3,10|0|0.00|0
747|3|300|6|80|0|0.00|0
747|4|500|11|1088|0|0.00|0
749|1|50|6|50|0|0.00|0
749|2|150|14|3,10|0|0.00|0
749|3|300|5|120|0|0.00|0
749|4|500|11|1086|0|0.00|0
751|1|50|4|150|0|0.00|0
751|2|150|14|3,10|0|0.00|0
751|3|300|5|120|0|0.00|0
751|4|500|9|2|0|0.00|0
753|1|50|4|150|0|0.00|0
753|2|150|32|3,4,15|0|0.00|0
753|3|300|5|120|0|0.00|0
753|4|500|33|4,4,15|0|0.00|0
755|1|50|4|150|0|0.00|0
755|2|150|14|3,10|0|0.00|0
755|3|300|5|120|0|0.00|0
755|4|500|11|1087|0|0.00|0
757|1|50|4|170|0|0.00|0
757|2|150|14|3,10|0|0.00|0
757|3|300|6|60|0|0.00|0
757|4|500|8|2|0|0.00|0
759|1|50|4|150|0|0.00|0
759|2|100|11|1104|0|0.00|0
759|3|200|6|80|0|0.00|0
759|4|400|10|803|0|0.00|0
761|1|50|4|150|0|0.00|0
761|2|100|14|3,10|0|0.00|0
761|3|200|5|120|0|0.00|0
761|4|400|10|803|0|0.00|0
763|1|50|28|120,150,0|0|0.00|0
763|2|150|14|3,10|0|0.00|0
763|3|300|21|4,40|0|0.00|0
763|4|500|10|799|0|0.00|0
765|1|50|28|120,150,0|0|0.00|0
765|2|150|14|3,10|0|0.00|0
765|3|300|21|5,40|0|0.00|0
765|4|500|10|800|0|0.00|0
767|1|50|4|150|0|0.00|0
767|2|150|14|3,10|0|0.00|0
767|3|300|5|120|0|0.00|0
767|4|500|8|2|0|0.00|0
785|1|50|28|80,320,0|0|0.00|0
785|2|150|14|4,10|0|0.00|0
785|3|300|30|785,4|0|0.00|0
785|4|500|8|2|0|0.00|0
787|1|50|28|180,0,20|0|0.00|0
787|2|150|14|4,10|0|0.00|0
787|3|300|30|787,4|0|0.00|0
787|4|500|8|2|0|0.00|0
789|1|50|28|80,320,0|0|0.00|0
789|2|150|14|4,10|0|0.00|0
789|3|300|30|789,4|0|0.00|0
789|4|500|8|2|0|0.00|0
790|1|50|4|200|0|0.00|0
790|2|100|14|3,10|0|0.00|0
790|3|200|28|100,300,0|0|0.00|0
790|4|400|8|1|0|0.00|0
791|1|50|4|200|0|0.00|0
791|2|100|14|3,10|0|0.00|0
791|3|200|28|100,300,0|0|0.00|0
791|4|400|8|1|0|0.00|0
1181|1|50|4|200|0|0.00|0
1181|2|100|14|3,10|0|0.00|0
1181|3|200|28|100,300,0|0|0.00|0
1181|4|400|8|1|0|0.00|0
792|1|50|4|200|0|0.00|0
792|2|100|14|3,10|0|0.00|0
792|3|200|28|100,300,0|0|0.00|0
792|4|400|8|2|0|0.00|0
793|1|50|4|200|0|0.00|0
793|2|100|14|3,10|0|0.00|0
793|3|200|28|100,300,0|0|0.00|0
793|4|400|8|2|0|0.00|0
1182|1|50|4|200|0|0.00|0
1182|2|100|14|3,10|0|0.00|0
1182|3|200|28|100,300,0|0|0.00|0
1182|4|400|8|2|0|0.00|0
794|1|50|4|200|0|0.00|0
794|2|100|14|3,10|0|0.00|0
794|3|200|28|100,300,0|0|0.00|0
794|4|400|14|3,10|0|0.00|0
795|1|50|4|200|0|0.00|0
795|2|100|14|3,10|0|0.00|0
795|3|200|28|100,300,0|0|0.00|0
795|4|400|14|3,10|0|0.00|0
1183|1|50|4|200|0|0.00|0
1183|2|100|14|3,10|0|0.00|0
1183|3|200|28|100,300,0|0|0.00|0
1183|4|400|14|3,10|0|0.00|0
796|1|50|4|200|0|0.00|0
796|2|100|14|3,10|0|0.00|0
796|3|200|28|100,300,0|0|0.00|0
796|4|400|14|3,10|0|0.00|0
797|1|50|4|200|0|0.00|0
797|2|100|14|3,10|0|0.00|0
797|3|200|28|100,300,0|0|0.00|0
797|4|400|14|3,10|0|0.00|0
1184|1|50|4|200|0|0.00|0
1184|2|100|14|3,10|0|0.00|0
1184|3|200|28|100,300,0|0|0.00|0
1184|4|400|14|3,10|0|0.00|0
798|1|50|4|200|0|0.00|0
798|2|100|14|3,10|0|0.00|0
798|3|200|28|100,300,0|0|0.00|0
798|4|400|8|1|0|0.00|0
799|1|50|4|200|0|0.00|0
799|2|100|14|3,10|0|0.00|0
799|3|200|28|100,300,0|0|0.00|0
799|4|400|8|1|0|0.00|0
1185|1|50|4|200|0|0.00|0
1185|2|100|14|3,10|0|0.00|0
1185|3|200|28|100,300,0|0|0.00|0
1185|4|400|8|1|0|0.00|0
8|1|50|6|20|0|0.00|0
8|2|150|9|2|0|0.00|0
8|3|300|5|120|0|0.00|0
8|4|500|14|4,10|0|0.00|0
409|1|50|6|20|0|0.00|0
409|2|150|9|2|0|0.00|0
409|3|300|5|120|0|0.00|0
409|4|500|14|4,10|0|0.00|0
8001|1|50|5|140|0|0.00|0
8001|2|150|9|2|0|0.00|0
8001|3|300|6|120|0|0.00|0
8001|4|500|11|902|0|0.00|0
8002|1|50|5|140|0|0.00|0
8002|2|150|9|2|0|0.00|0
8002|3|300|6|120|0|0.00|0
8002|4|500|11|902|0|0.00|0
8003|1|50|5|140|0|0.00|0
8003|2|150|9|2|0|0.00|0
8003|3|300|6|120|0|0.00|0
8003|4|500|11|900|0|0.00|0
8004|1|50|5|140|0|0.00|0
8004|2|150|9|2|0|0.00|0
8004|3|300|6|120|0|0.00|0
8004|4|500|11|900|0|0.00|0
8005|1|50|6|100|0|0.00|0
8005|2|150|22|592|0|0.00|0
8005|3|300|5|140|0|0.00|0
8005|4|500|22|180|0|0.00|0
8006|1|50|6|100|0|0.00|0
8006|2|150|22|592|0|0.00|0
8006|3|300|5|140|0|0.00|0
8006|4|500|22|180|0|0.00|0
8007|1|50|6|50|0|0.00|0
8007|2|150|14|4,10|0|0.00|0
8007|3|300|5|120|0|0.00|0
8007|4|500|14|5,12|0|0.00|0
8008|1|50|6|50|0|0.00|0
8008|2|150|14|4,10|0|0.00|0
8008|3|300|5|120|0|0.00|0
8008|4|500|14|5,12|0|0.00|0
8009|1|50|5|140|0|0.00|0
8009|2|150|14|4,10|0|0.00|0
8009|3|300|6|120|0|0.00|0
8009|4|500|14|5,12|0|0.00|0
8010|1|50|5|140|0|0.00|0
8010|2|150|14|4,10|0|0.00|0
8010|3|300|6|120|0|0.00|0
8010|4|500|14|5,12|0|0.00|0
801|1|50|6|30|0|0.00|0
801|2|150|15|4,10|0|0.00|0
801|3|300|5|180|0|0.00|0
801|4|500|14|4,10|0|0.00|0
802|1|50|6|30|0|0.00|0
802|2|150|15|4,10|0|0.00|0
802|3|300|5|180|0|0.00|0
802|4|500|14|4,10|0|0.00|0
1216|1|50|6|30|0|0.00|0
1216|2|150|15|4,10|0|0.00|0
1216|3|300|5|180|0|0.00|0
1216|4|500|14|4,10|0|0.00|0
8011|1|50|6|50|0|0.00|0
8011|2|150|14|4,10|0|0.00|0
8011|3|300|5|120|0|0.00|0
8011|4|500|10|686|0|0.00|0
8012|1|50|6|50|0|0.00|0
8012|2|150|14|4,10|0|0.00|0
8012|3|300|5|120|0|0.00|0
8012|4|500|10|686|0|0.00|0
8013|1|50|6|100|0|0.00|0
8013|2|150|21|5,40|0|0.00|0
8013|3|300|5|180|0|0.00|0
8013|4|500|10|696|0|0.00|0
8014|1|50|6|100|0|0.00|0
8014|2|150|21|5,40|0|0.00|0
8014|3|300|5|180|0|0.00|0
8014|4|500|10|696|0|0.00|0
803|1|50|6|30|0|0.00|0
803|2|150|15|4,10|0|0.00|0
803|3|300|5|180|0|0.00|0
803|4|500|14|4,10|0|0.00|0
804|1|50|6|30|0|0.00|0
804|2|150|15|4,10|0|0.00|0
804|3|300|5|180|0|0.00|0
804|4|500|14|4,10|0|0.00|0
1217|1|50|6|30|0|0.00|0
1217|2|150|15|4,10|0|0.00|0
1217|3|300|5|180|0|0.00|0
1217|4|500|14|4,10|0|0.00|0
805|1|50|6|30|0|0.00|0
805|2|150|15|4,10|0|0.00|0
805|3|300|5|180|0|0.00|0
805|4|500|14|4,10|0|0.00|0
806|1|50|6|30|0|0.00|0
806|2|150|15|4,10|0|0.00|0
806|3|300|5|180|0|0.00|0
806|4|500|14|4,10|0|0.00|0
1218|1|50|6|30|0|0.00|0
1218|2|150|15|4,10|0|0.00|0
1218|3|300|5|180|0|0.00|0
1218|4|500|14|4,10|0|0.00|0
807|1|50|6|30|0|0.00|0
807|2|150|15|4,10|0|0.00|0
807|3|300|5|180|0|0.00|0
807|4|500|14|4,10|0|0.00|0
808|1|50|6|30|0|0.00|0
808|2|150|15|4,10|0|0.00|0
808|3|300|5|180|0|0.00|0
808|4|500|14|4,10|0|0.00|0
1219|1|50|6|30|0|0.00|0
1219|2|150|15|4,10|0|0.00|0
1219|3|300|5|180|0|0.00|0
1219|4|500|14|4,10|0|0.00|0
809|1|50|6|30|0|0.00|0
809|2|150|15|4,10|0|0.00|0
809|3|300|5|180|0|0.00|0
809|4|500|14|4,10|0|0.00|0
810|1|50|6|30|0|0.00|0
810|2|150|15|4,10|0|0.00|0
810|3|300|5|180|0|0.00|0
810|4|500|14|4,10|0|0.00|0
1220|1|50|6|30|0|0.00|0
1220|2|150|15|4,10|0|0.00|0
1220|3|300|5|180|0|0.00|0
1220|4|500|14|4,10|0|0.00|0
861|1|50|5|50|0|0.00|0
861|2|100|15|3,10|0|0.00|0
861|3|200|6|100|0|0.00|0
861|4|400|9|2|0|0.00|0
862|1|50|5|50|0|0.00|0
862|2|100|15|3,10|0|0.00|0
862|3|200|6|100|0|0.00|0
862|4|400|9|2|0|0.00|0
1191|1|50|5|50|0|0.00|0
1191|2|100|15|3,10|0|0.00|0
1191|3|200|6|100|0|0.00|0
1191|4|400|9|2|0|0.00|0
863|1|50|6|50|0|0.00|0
863|2|100|15|3,10|0|0.00|0
863|3|200|6|100|0|0.00|0
863|4|400|8|2|0|0.00|0
864|1|50|6|50|0|0.00|0
864|2|100|15|3,10|0|0.00|0
864|3|200|6|100|0|0.00|0
864|4|400|8|2|0|0.00|0
1192|1|50|6|50|0|0.00|0
1192|2|100|15|3,10|0|0.00|0
1192|3|200|6|100|0|0.00|0
1192|4|400|8|2|0|0.00|0
865|1|50|6|50|0|0.00|0
865|2|100|9|2|0|0.00|0
865|3|200|6|100|0|0.00|0
865|4|400|21|6,25|0|0.00|0
866|1|50|6|50|0|0.00|0
866|2|100|9|2|0|0.00|0
866|3|200|6|100|0|0.00|0
866|4|400|21|6,25|0|0.00|0
1193|1|50|6|50|0|0.00|0
1193|2|100|9|2|0|0.00|0
1193|3|200|6|100|0|0.00|0
1193|4|400|21|6,25|0|0.00|0
867|1|50|6|50|0|0.00|0
867|2|100|15|3,10|0|0.00|0
867|3|200|6|100|0|0.00|0
867|4|400|8|1|0|0.00|0
868|1|50|6|50|0|0.00|0
868|2|100|15|3,10|0|0.00|0
868|3|200|6|100|0|0.00|0
868|4|400|8|1|0|0.00|0
1194|1|50|6|50|0|0.00|0
1194|2|100|15|3,10|0|0.00|0
1194|3|200|6|100|0|0.00|0
1194|4|400|8|1|0|0.00|0
869|1|50|5|50|0|0.00|0
869|2|100|15|3,10|0|0.00|0
869|3|200|6|100|0|0.00|0
869|4|400|14|3,10|0|0.00|0
870|1|50|5|50|0|0.00|0
870|2|100|15|3,10|0|0.00|0
870|3|200|6|100|0|0.00|0
870|4|400|14|3,10|0|0.00|0
1195|1|50|5|50|0|0.00|0
1195|2|100|15|3,10|0|0.00|0
1195|3|200|6|100|0|0.00|0
1195|4|400|14|3,10|0|0.00|0
881|1|50|4|180|0|0.00|0
881|2|150|15|3,10|0|0.00|0
881|3|300|5|250|0|0.00|0
881|4|500|14|4,10|0|0.00|0
882|1|50|4|180|0|0.00|0
882|2|150|15|3,10|0|0.00|0
882|3|300|5|250|0|0.00|0
882|4|500|14|4,10|0|0.00|0
1266|1|50|4|180|0|0.00|0
1266|2|150|15|3,10|0|0.00|0
1266|3|300|5|250|0|0.00|0
1266|4|500|14|4,10|0|0.00|0
883|1|50|4|180|0|0.00|0
883|2|150|33|3,2,15|0|0.00|0
883|3|300|5|250|0|0.00|0
883|4|500|32|4,2,15|0|0.00|0
884|1|50|4|180|0|0.00|0
884|2|150|33|3,2,15|0|0.00|0
884|3|300|5|250|0|0.00|0
884|4|500|32|4,2,15|0|0.00|0
1267|1|50|4|180|0|0.00|0
1267|2|150|33|3,2,15|0|0.00|0
1267|3|300|5|250|0|0.00|0
1267|4|500|32|4,2,15|0|0.00|0
885|1|50|4|180|0|0.00|0
885|2|150|14|3,10|0|0.00|0
885|3|300|5|250|0|0.00|0
885|4|500|8|2|0|0.00|0
886|1|50|4|180|0|0.00|0
886|2|150|14|3,10|0|0.00|0
886|3|300|5|250|0|0.00|0
886|4|500|8|2|0|0.00|0
1268|1|50|4|180|0|0.00|0
1268|2|150|14|3,10|0|0.00|0
1268|3|300|5|250|0|0.00|0
1268|4|500|8|2|0|0.00|0
887|1|50|5|180|0|0.00|0
887|2|150|33|3,4,15|0|0.00|0
887|3|300|4|340|0|0.00|0
887|4|500|32|4,4,15|0|0.00|0
888|1|50|5|180|0|0.00|0
888|2|150|33|3,4,15|0|0.00|0
888|3|300|4|340|0|0.00|0
888|4|500|32|4,4,15|0|0.00|0
1269|1|50|5|180|0|0.00|0
1269|2|150|33|3,4,15|0|0.00|0
1269|3|300|4|340|0|0.00|0
1269|4|500|32|4,4,15|0|0.00|0
889|1|50|5|180|0|0.00|0
889|2|150|14|3,10|0|0.00|0
889|3|300|5|180|0|0.00|0
889|4|500|8|2|0|0.00|0
890|1|50|5|180|0|0.00|0
890|2|150|14|3,10|0|0.00|0
890|3|300|5|180|0|0.00|0
890|4|500|8|2|0|0.00|0
1270|1|50|5|180|0|0.00|0
1270|2|150|14|3,10|0|0.00|0
1270|3|300|5|180|0|0.00|0
1270|4|500|8|2|0|0.00|0
892|1|50|4|130|0|0.00|0
892|2|150|8|2|0|0.00|0
892|3|300|5|120|0|0.00|0
892|4|500|10|947|0|0.00|0
894|1|50|4|100|0|0.00|0
894|2|150|11|1337|0|0.00|0
894|3|300|5|130|0|0.00|0
894|4|500|10|947|0|0.00|0
896|1|50|28|80,150,0|0|0.00|0
896|2|150|15|3,10|0|0.00|0
896|3|300|14|4,10|0|0.00|0
896|4|500|9|2|0|0.00|0
898|1|50|4|130|0|0.00|0
898|2|150|9|2|0|0.00|0
898|3|300|5|120|0|0.00|0
898|4|500|11|1334|0|0.00|0
900|1|50|28|100,140,0|0|0.00|0
900|2|150|14|4,10|0|0.00|0
900|3|300|36|4,20,5,20|0|0.00|0
900|4|500|10|948|0|0.00|0
9001|1|50|5|140|0|0.00|0
9001|2|150|9|2|0|0.00|0
9001|3|300|6|120|0|0.00|0
9001|4|500|11|902|0|0.00|0
9002|1|50|5|140|0|0.00|0
9002|2|150|9|2|0|0.00|0
9002|3|300|6|120|0|0.00|0
9002|4|500|11|902|0|0.00|0
9003|1|50|5|140|0|0.00|0
9003|2|150|9|2|0|0.00|0
9003|3|300|6|120|0|0.00|0
9003|4|500|11|900|0|0.00|0
9004|1|50|5|140|0|0.00|0
9004|2|150|9|2|0|0.00|0
9004|3|300|6|120|0|0.00|0
9004|4|500|11|900|0|0.00|0
9005|1|50|6|100|0|0.00|0
9005|2|150|22|592|0|0.00|0
9005|3|300|5|140|0|0.00|0
9005|4|500|22|180|0|0.00|0
9006|1|50|6|100|0|0.00|0
9006|2|150|22|592|0|0.00|0
9006|3|300|5|140|0|0.00|0
9006|4|500|22|180|0|0.00|0
9007|1|50|6|50|0|0.00|0
9007|2|150|14|4,10|0|0.00|0
9007|3|300|5|120|0|0.00|0
9007|4|500|14|5,12|0|0.00|0
9008|1|50|6|50|0|0.00|0
9008|2|150|14|4,10|0|0.00|0
9008|3|300|5|120|0|0.00|0
9008|4|500|14|5,12|0|0.00|0
9009|1|50|5|140|0|0.00|0
9009|2|150|14|4,10|0|0.00|0
9009|3|300|6|120|0|0.00|0
9009|4|500|14|5,12|0|0.00|0
9010|1|50|5|140|0|0.00|0
9010|2|150|14|4,10|0|0.00|0
9010|3|300|6|120|0|0.00|0
9010|4|500|14|5,12|0|0.00|0
9011|1|50|6|50|0|0.00|0
9011|2|150|14|4,10|0|0.00|0
9011|3|300|5|120|0|0.00|0
9011|4|500|10|686|0|0.00|0
9012|1|50|6|50|0|0.00|0
9012|2|150|14|4,10|0|0.00|0
9012|3|300|5|120|0|0.00|0
9012|4|500|10|686|0|0.00|0
9013|1|50|6|100|0|0.00|0
9013|2|150|21|5,40|0|0.00|0
9013|3|300|5|180|0|0.00|0
9013|4|500|10|696|0|0.00|0
9014|1|50|6|100|0|0.00|0
9014|2|150|21|5,40|0|0.00|0
9014|3|300|5|180|0|0.00|0
9014|4|500|10|696|0|0.00|0
902|1|50|4|110|0|0.00|0
902|2|150|14|4,10|0|0.00|0
902|3|300|5|100|0|0.00|0
902|4|500|8|2|0|0.00|0
904|1|50|4|100|0|0.00|0
904|2|150|14|4,10|0|0.00|0
904|3|300|5|130|0|0.00|0
904|4|500|11|882|0|0.00|0
906|1|50|6|50|0|0.00|0
906|2|150|15|3,10|0|0.00|0
906|3|300|5|120|0|0.00|0
906|4|500|14|3,10|0|0.00|0
908|1|50|4|140|0|0.00|0
908|2|150|14|4,10|0|0.00|0
908|3|300|5|100|0|0.00|0
908|4|500|11|1335|0|0.00|0
910|1|50|4|130|0|0.00|0
910|2|150|14|4,10|0|0.00|0
910|3|300|5|100|0|0.00|0
910|4|500|11|1336|0|0.00|0
912|1|50|5|110|0|0.00|0
912|2|150|14|4,10|0|0.00|0
912|3|300|5|120|0|0.00|0
912|4|500|9|2|0|0.00|0
914|1|50|6|50|0|0.00|0
914|2|150|14|4,10|0|0.00|0
914|3|300|5|120|0|0.00|0
914|4|500|8|1|0|0.00|0
916|1|50|4|130|0|0.00|0
916|2|150|14|4,10|0|0.00|0
916|3|300|5|100|0|0.00|0
916|4|500|8|1|0|0.00|0
946|1|50|4|170|0|0.00|0
946|2|150|14|3,10|0|0.00|0
946|3|300|5|180|0|0.00|0
946|4|500|8|1|0|0.00|0
947|1|50|4|170|0|0.00|0
947|2|150|14|3,10|0|0.00|0
947|3|300|5|180|0|0.00|0
947|4|500|8|1|0|0.00|0
1261|1|50|4|170|0|0.00|0
1261|2|150|14|3,10|0|0.00|0
1261|3|300|5|180|0|0.00|0
1261|4|500|8|1|0|0.00|0
948|1|50|4|170|0|0.00|0
948|2|150|14|3,10|0|0.00|0
948|3|300|5|180|0|0.00|0
948|4|500|8|1|0|0.00|0
949|1|50|4|170|0|0.00|0
949|2|150|14|3,10|0|0.00|0
949|3|300|5|180|0|0.00|0
949|4|500|8|1|0|0.00|0
1262|1|50|4|170|0|0.00|0
1262|2|150|14|3,10|0|0.00|0
1262|3|300|5|180|0|0.00|0
1262|4|500|8|1|0|0.00|0
950|1|50|4|170|0|0.00|0
950|2|150|14|3,10|0|0.00|0
950|3|300|5|180|0|0.00|0
950|4|500|8|1|0|0.00|0
951|1|50|4|170|0|0.00|0
951|2|150|14|3,10|0|0.00|0
951|3|300|5|180|0|0.00|0
951|4|500|8|1|0|0.00|0
1263|1|50|4|170|0|0.00|0
1263|2|150|14|3,10|0|0.00|0
1263|3|300|5|180|0|0.00|0
1263|4|500|8|1|0|0.00|0
952|1|50|4|170|0|0.00|0
952|2|150|14|3,10|0|0.00|0
952|3|300|5|180|0|0.00|0
952|4|500|8|1|0|0.00|0
953|1|50|4|170|0|0.00|0
953|2|150|14|3,10|0|0.00|0
953|3|300|5|180|0|0.00|0
953|4|500|8|1|0|0.00|0
1264|1|50|4|170|0|0.00|0
1264|2|150|14|3,10|0|0.00|0
1264|3|300|5|180|0|0.00|0
1264|4|500|8|1|0|0.00|0
954|1|50|4|170|0|0.00|0
954|2|150|14|3,10|0|0.00|0
954|3|300|5|180|0|0.00|0
954|4|500|8|1|0|0.00|0
955|1|50|4|170|0|0.00|0
955|2|150|14|3,10|0|0.00|0
955|3|300|5|180|0|0.00|0
955|4|500|8|1|0|0.00|0
1265|1|50|4|170|0|0.00|0
1265|2|150|14|3,10|0|0.00|0
1265|3|300|5|180|0|0.00|0
1265|4|500|8|1|0|0.00|0
980|1|50|6|50|0|0.00|0
980|2|100|22|75|0|0.00|0
980|3|200|4|200|0|0.00|0
980|4|400|32|3,1,15|0|0.00|0
981|1|50|6|50|0|0.00|0
981|2|100|22|75|0|0.00|0
981|3|200|4|200|0|0.00|0
981|4|400|32|3,1,15|0|0.00|0
982|1|50|6|50|0|0.00|0
982|2|100|22|76|0|0.00|0
982|3|200|4|200|0|0.00|0
982|4|400|32|3,2,15|0|0.00|0
983|1|50|6|50|0|0.00|0
983|2|100|22|76|0|0.00|0
983|3|200|4|200|0|0.00|0
983|4|400|32|3,2,15|0|0.00|0
984|1|50|6|50|0|0.00|0
984|2|100|22|77|0|0.00|0
984|3|200|4|200|0|0.00|0
984|4|400|32|3,3,15|0|0.00|0
985|1|50|6|50|0|0.00|0
985|2|100|22|77|0|0.00|0
985|3|200|4|200|0|0.00|0
985|4|400|32|3,3,15|0|0.00|0
986|1|50|4|170|0|0.00|0
986|2|150|14|4,10|0|0.00|0
986|3|300|4|340|0|0.00|0
986|4|500|14|3,10|0|0.00|0
987|1|50|4|170|0|0.00|0
987|2|150|14|4,10|0|0.00|0
987|3|300|4|340|0|0.00|0
987|4|500|14|3,10|0|0.00|0
1311|1|50|4|170|0|0.00|0
1311|2|150|14|4,10|0|0.00|0
1311|3|300|4|340|0|0.00|0
1311|4|500|14|3,10|0|0.00|0
988|1|50|4|170|0|0.00|0
988|2|150|9|4|0|0.00|0
988|3|300|4|340|0|0.00|0
988|4|500|14|3,10|0|0.00|0
989|1|50|4|170|0|0.00|0
989|2|150|9|4|0|0.00|0
989|3|300|4|340|0|0.00|0
989|4|500|14|3,10|0|0.00|0
1312|1|50|4|170|0|0.00|0
1312|2|150|9|4|0|0.00|0
1312|3|300|4|340|0|0.00|0
1312|4|500|14|3,10|0|0.00|0
990|1|50|4|170|0|0.00|0
990|2|150|14|4,10|0|0.00|0
990|3|300|4|340|0|0.00|0
990|4|500|14|3,10|0|0.00|0
991|1|50|4|170|0|0.00|0
991|2|150|14|4,10|0|0.00|0
991|3|300|4|340|0|0.00|0
991|4|500|14|3,10|0|0.00|0
1313|1|50|4|170|0|0.00|0
1313|2|150|14|4,10|0|0.00|0
1313|3|300|4|340|0|0.00|0
1313|4|500|14|3,10|0|0.00|0
992|1|50|4|170|0|0.00|0
992|2|150|9|4|0|0.00|0
992|3|300|4|340|0|0.00|0
992|4|500|14|3,10|0|0.00|0
993|1|50|4|170|0|0.00|0
993|2|150|9|4|0|0.00|0
993|3|300|4|340|0|0.00|0
993|4|500|14|3,10|0|0.00|0
1314|1|50|4|170|0|0.00|0
1314|2|150|9|4|0|0.00|0
1314|3|300|4|340|0|0.00|0
1314|4|500|14|3,10|0|0.00|0
994|1|50|4|170|0|0.00|0
994|2|150|14|4,10|0|0.00|0
994|3|300|4|340|0|0.00|0
994|4|500|14|3,10|0|0.00|0
995|1|50|4|170|0|0.00|0
995|2|150|14|4,10|0|0.00|0
995|3|300|4|340|0|0.00|0
995|4|500|14|3,10|0|0.00|0
1315|1|50|4|170|0|0.00|0
1315|2|150|14|4,10|0|0.00|0
1315|3|300|4|340|0|0.00|0
1315|4|500|14|3,10|0|0.00|0