col_1|col_2|col_3|col_4|col_5|col_6|col_7|col_8|col_9|col_10|col_11|col_12|col_13|col_14|col_15|col_16|col_17|col_18|col_19|col_20|col_21|col_22|col_23|col_24
1|0|2|6|0||0|||修煉之旅|0|0|0|0|0||0||0|0|0|0|0|-2006
2|1|3|6|1||0|||通靈者的認可|0|0|0|0|0||0||0|0|0|0|0|105
3|2|4|1|1||0|||冰之亡靈塔|0|0|0|0|0||0||0|0|0|0|0|-2001
4|3|5|2|1||0|||火之亡靈塔 |0|0|0|0|0||0||0|0|0|0|0|-2002
5|4|6|3|1||0|||地之亡靈塔 |0|0|0|0|0||0||0|0|0|0|0|-2003
6|5|7|4|1||0|||光之亡靈塔 |0|0|0|0|0||0||0|0|0|0|0|-2004
7|6|8|5|1||0|||暗之亡靈塔 |0|0|0|0|0||0||0|0|0|0|0|-2005
8|7|9|6|1||0|||第一階段封印|0|0|0|0|0||0||0|0|0|0|0|286
9|8|10|1|1||0|||深海的龍殿|0|0|0|0|0||0||0|0|0|0|0|-2001
10|9|11|2|1||0|||炎族的宴會|0|0|0|0|0||0||0|0|0|0|0|-2002
11|10|12|3|1||0|||果園的稀客|0|0|0|0|0||0||0|0|0|0|0|-2003
12|11|13|4|1||0|||高雅的皇宮|0|0|0|0|0||0||0|0|0|0|0|-2004
13|12|14|5|1||0|||幽谷的盛宴|0|0|0|0|0||0||0|0|0|0|0|-2005
14|13|15|6|1||0|||第二階段封印|0|0|0|0|0||0||0|0|0|0|0|288
15|14|16|1|1||0|||冰川上飄溜的精靈|0|0|0|0|0||0||0|0|0|0|0|-2001
16|15|17|2|1||0|||火焰上烈舞的精靈|0|0|0|0|0||0||0|0|0|0|0|-2002
17|16|18|3|1||0|||深山中高歌的精靈|0|0|0|0|0||0||0|0|0|0|0|-2003
18|17|19|4|1||0|||暮光下閃耀的精靈|0|0|0|0|0||0||0|0|0|0|0|-2004
19|18|20|5|1||0|||暗夜裡狩獵的精靈|0|0|0|0|0||0||0|0|0|0|0|-2005
20|19|21|6|1||0|||第三階段封印|0|0|0|0|0||0||0|0|0|0|0|287
21|20|22|1|1||0|||水下的伏兵|0|0|0|0|0||0||0|0|0|0|0|-2001
22|21|23|2|1||0|||燃燒的赤鐵|0|0|0|0|0||0||0|0|0|0|0|-2002
23|22|24|3|1||0|||荒野的巨岩|0|0|0|0|0||0||0|0|0|0|0|-2003
24|23|25|4|1||0|||聖光的指引|0|0|0|0|0||0||0|0|0|0|0|-2004
25|24|26|5|1||0|||夢魘的險惡|0|0|0|0|0||0||0|0|0|0|0|-2005
26|25|27|6|1||0|||第四階段封印|0|0|0|0|0||0||0|0|0|0|0|285
27|26|28|1|1||0|||極度深淵|0|0|0|0|0||0||0|0|0|0|0|-2001
28|27|29|2|1||0|||血焰峰頂|0|0|0|0|0||0||0|0|0|0|0|-2002
29|28|30|3|1||0|||鏖戰巨崗|0|0|0|0|0||0||0|0|0|0|0|-2003
30|29|31|4|1||0|||聖神降瑞|0|0|0|0|0||0||0|0|0|0|0|-2004
31|30|32|5|1||0|||魔魂印記|0|0|0|0|0||0||0|0|0|0|0|-2005
32|31|87|6|1||0|||第五階段封印|0|0|0|0|0||0||0|0|0|0|0|290
87|32|88|1|1||0|||褻瀆的寶船|0|0|0|0|0||0||0|0|0|0|0|-2001
88|87|89|2|1||0|||永無寧靜之地|0|0|0|0|0||0||0|0|0|0|0|-2002
89|88|90|3|1||0|||永恆英靈殿|0|0|0|0|0||0||0|0|0|0|0|-2003
90|89|91|4|1||0|||轟雷荒土|0|0|0|0|0||0||0|0|0|0|0|-2004
91|90|92|5|1||0|||監禁的惡神|0|0|0|0|0||0||0|0|0|0|0|-2005
92|91|0|6|1||0|||塔的彼端|0|0|0|0|0||0||0|0|0|0|0|293
102|0|0|8|1||0|||赤之白羊宮|8|1|1|40|0||0||0|0|0|0|0|-2008
103|0|0|8|1||0|||炎之金牛宮|8|1|2|40|0||0||0|0|0|0|0|-2008
104|0|0|8|1||0|||闇之雙子宮|8|1|3|40|0||0||0|0|0|0|0|-2008
105|0|0|8|1||0|||幽之巨蟹宮|8|1|4|40|0||0||0|0|0|0|0|-2008
106|0|0|8|1||0|||光之獅子宮|8|1|5|40|0||0||0|0|0|0|0|-2008
107|0|0|8|1||0|||耀之處女宮|8|1|6|40|0||0||0|0|0|0|0|-2008
108|0|0|8|1||0|||義之天秤宮|8|2|7|40|0||0||0|0|0|0|0|-2008
109|0|0|8|1||0|||毒之天蠍宮|8|2|8|40|0||0||0|0|0|0|0|-2008
110|0|0|8|1||0|||森之人馬宮|8|2|9|40|0||0||0|0|0|0|0|-2008
111|0|0|8|1||0|||翠之山羊宮|8|2|10|40|0||0||0|0|0|0|0|-2008
112|0|0|8|1||0|||清之水瓶宮|8|2|11|40|0||0||0|0|0|0|0|-2008
113|0|0|8|1||0|||海之雙魚宮|8|2|12|40|0||0||0|0|0|0|0|-2008
132|0|0|7|11||0|||塵封之祕|6|0|0|0|0||0||0|0|0|0|0|0
157|0|162|1|1|92|0|||沛雨神殿|0|0|0|0|0||0||0|0|0|0|0|-2001
158|0|162|2|1|92|0|||戰火神殿|0|0|0|0|0||0||0|0|0|0|0|-2002
159|0|162|3|1|92|0|||颶風神殿|0|0|0|0|0||0||0|0|0|0|0|-2003
160|0|162|4|1|92|0|||鷹揚神殿|0|0|0|0|0||0||0|0|0|0|0|-2004
161|0|162|5|1|92|0|||冥界神殿|0|0|0|0|0||0||0|0|0|0|0|-2005
162|161|495|6|1|157,158,159,160,161|0|||天界的門廊|10|0|0|0|0||0||0|0|0|0|0|450
178|0|0|7|11||0|||黃昏的歌劇|6|0|0|0|0||0||0|0|0|0|0|0
191|0|0|9|1||0|||狹縫之門 ‧ 靈魂石|7|0|13|400|1||0||0|0|0|0|101|0
192|0|0|9|1||0|||狹縫之門 ‧ 魔獸|7|0|13|400|1||0||0|0|0|0|302|0
193|0|0|9|1||0|||狹縫之門 ‧ 元素|7|0|13|400|1||0||0|0|0|0|301|0
195|0|0|7|11||0|||謁見眾神之人|6|0|0|0|0||0||0|0|0|0|0|0
203|0|0|7|11||0|||涓流的追憶|6|0|0|0|0||0||0|0|0|0|0|0
204|0|0|7|11||0|||復燃的龍焰|6|0|0|0|0||0||0|0|0|0|0|0
205|0|0|7|11||0|||大地的子民|6|0|0|0|0||0||0|0|0|0|0|0
206|0|0|7|11||0|||耀目的帥印|4|0|0|0|0||0||0|0|0|0|0|0
207|0|0|7|11||0|||祭師的禱詞|6|0|0|0|0||0||0|0|0|0|0|0
208|0|0|7|11||0|||命運女神的記錄|1|0|0|0|0||0||0|0|0|0|0|0
209|0|0|7|11||0|||命運女神所印證|2|0|0|0|0||0||0|0|0|0|0|0
210|0|0|7|11||0|||命運女神的書寫|3|0|0|0|0||0||0|0|0|0|0|0
211|0|0|7|11||0|||神木種下的永生|4|0|0|0|0||0||0|0|0|0|0|0
212|0|0|7|11||0|||屠夫栽培的女神|5|0|0|0|0||0||0|0|0|0|0|0
213|0|0|7|11||0|||遺落的禍患 ‧ 水|1|0|0|0|0||0||0|0|0|0|0|0
214|0|0|7|11||0|||遺落的禍患 ‧ 火|2|0|0|0|0||0||0|0|0|0|0|0
215|0|0|7|11||0|||遺落的禍患 ‧ 木|3|0|0|0|0||0||0|0|0|0|0|0
216|0|0|7|11||0|||遺落的禍患 ‧ 光|4|0|0|0|0||0||0|0|0|0|0|0
217|0|0|7|11||0|||遺落的禍患 ‧ 暗|5|0|0|0|0||0||0|0|0|0|0|0
218|0|0|7|11||0|||追尋自由之路 ‧ 水|1|0|0|0|0||0||0|0|0|0|0|0
219|0|0|7|11||0|||追尋自由之路 ‧ 火|2|0|0|0|0||0||0|0|0|0|0|0
220|0|0|7|11||0|||追尋自由之路 ‧ 木|3|0|0|0|0||0||0|0|0|0|0|0
221|0|0|7|11||0|||追尋自由之路 ‧ 光|4|0|0|0|0||0||0|0|0|0|0|0
222|0|0|7|11||0|||追尋自由之路 ‧ 暗|5|0|0|0|0||0||0|0|0|0|0|0
223|0|0|8|1||0|||清源二郎庭|11|3|21|40|0||0||0|0|0|0|0|-2011
224|0|0|8|1||0|||天尊太師座|11|3|22|40|0||0||0|0|0|0|0|-2011
225|0|0|8|1||0|||神臺太公廟|11|3|23|40|0||0||0|0|0|0|0|-2011
226|0|0|8|1||0|||雷罡仙道觀|11|3|24|40|0||0||0|0|0|0|0|-2011
227|0|0|8|1||0|||錠光圓覺寺|11|3|25|40|0||0||0|0|0|0|0|-2011
230|0|0|7|11||0|||五方帝登位|6|0|0|0|0||0||0|0|0|0|0|0
244|0|0|9|1||0|||狹縫之門 ‧ 幻獸|0|0|13|400|1||0||0|0|0|0|201|0
245|0|0|9|1||0|||奧秘之門|0|0|13|400|1||0||0|0|0|0|304|0
249|0|0|7|11||0|||諸神的號角 ‧ 水|1|0|0|0|0||0||0|0|0|0|0|0
250|0|0|7|11||0|||諸神的號角 ‧ 火|2|0|0|0|0||0||0|0|0|0|0|0
251|0|0|7|11||0|||諸神的號角 ‧ 木|3|0|0|0|0||0||0|0|0|0|0|0
252|0|0|7|11||0|||諸神的號角 ‧ 光|4|0|0|0|0||0||0|0|0|0|0|0
253|0|0|7|11||0|||諸神的號角 ‧ 暗|5|0|0|0|0||0||0|0|0|0|0|0
254|0|0|7|11||0|||深潛之護|1|0|0|0|0||0||0|0|0|0|0|0
255|0|0|7|11||0|||焰芒之爪|2|0|0|0|0||0||0|0|0|0|0|0
256|0|0|7|11||0|||飢風狂嘯|3|0|0|0|0||0||0|0|0|0|0|0
257|0|0|7|11||0|||輝煌之翼|4|0|0|0|0||0||0|0|0|0|0|0
258|0|0|7|11||0|||終焉之牙|5|0|0|0|0||0||0|0|0|0|0|0
280|0|0|7|11||0|||古神的分靈|7|0|0|0|0||0||0|0|0|0|0|0
288|0|0|7|11|2013-04-14|0|||神仙演義|11|0|0|0|0||0||0|0|0|0|0|0
289|0|0|7|11||0|||天降的騷亂 ‧ 水|1|0|0|0|0||0||0|0|0|0|0|0
290|0|0|7|11||0|||天降的騷亂 ‧ 火|2|0|0|0|0||0||0|0|0|0|0|0
291|0|0|7|11||0|||天降的騷亂 ‧ 木|3|0|0|0|0||0||0|0|0|0|0|0
292|0|0|7|11||0|||天降的騷亂 ‧ 光|4|0|0|0|0||0||0|0|0|0|0|0
293|0|0|7|11||0|||天降的騷亂 ‧ 暗|5|0|0|0|0||0||0|0|0|0|0|0
294|0|0|7|11||0|||異龍寄語 ‧ 水|1|0|0|0|0||0||0|0|0|0|0|0
295|0|0|7|11||0|||異龍寄語 ‧ 火|2|0|0|0|0||0||0|0|0|0|0|0
296|0|0|7|11||0|||異龍寄語 ‧ 木|3|0|0|0|0||0||0|0|0|0|0|0
297|0|0|7|11||0|||異龍寄語 ‧ 光|4|0|0|0|0||0||0|0|0|0|0|0
298|0|0|7|11||0|||異龍寄語 ‧ 暗|5|0|0|0|0||0||0|0|0|0|0|0
299|0|0|7|11||0|||諸神的寵獸 ‧ 水|1|0|0|0|0||0||0|0|0|0|0|0
300|0|0|7|11||0|||諸神的寵獸 ‧ 火|2|0|0|0|0||0||0|0|0|0|0|0
301|0|0|7|11||0|||諸神的寵獸 ‧ 木|3|0|0|0|0||0||0|0|0|0|0|0
302|0|0|7|11||0|||諸神的寵獸 ‧ 光|4|0|0|0|0||0||0|0|0|0|0|0
303|0|0|7|11||0|||諸神的寵獸 ‧ 暗|5|0|0|0|0||0||0|0|0|0|0|0
304|0|0|7|11||0|||以諾塔的守衛 ‧ 水|1|0|0|0|0||0||0|0|0|0|0|0
305|0|0|7|11||0|||以諾塔的守衛 ‧ 火|2|0|0|0|0||0||0|0|0|0|0|0
306|0|0|7|11||0|||以諾塔的守衛 ‧ 木|3|0|0|0|0||0||0|0|0|0|0|0
307|0|0|7|11||0|||以諾塔的守衛 ‧ 光|4|0|0|0|0||0||0|0|0|0|0|0
308|0|0|7|11||0|||以諾塔的守衛 ‧ 暗|5|0|0|0|0||0||0|0|0|0|0|0
332|0|0|7|11||0|||星辰所拯救 ‧ 波比|8|0|0|0|0||0||0|0|0|0|0|0
333|0|0|7|11||0|||星辰下邂逅 ‧ 阿姆士唐|8|0|0|0|0||0||0|0|0|0|0|0
334|0|0|7|11||0|||星辰所挑選 ‧ 加斯陀與波魯克斯|8|0|0|0|0||0||0|0|0|0|0|0
335|0|0|7|11||0|||星辰所引導 ‧ 約翰|8|0|0|0|0||0||0|0|0|0|0|0
336|0|0|7|11||0|||星辰的勇氣 ‧ 加里昂|8|0|0|0|0||0||0|0|0|0|0|0
337|0|0|7|11||0|||星宮的傳承 ‧ 普西芬妮|8|0|0|0|0||0||0|0|0|0|0|0
339|0|0|7|11||0|||一心同體的唱頌|8|0|0|0|0||0||0|0|0|0|0|0
353|0|0|7|11||0|||部落之神的起源|6|0|0|0|0||0||0|0|0|0|0|0
354|0|0|7|11||0|||徬徨的強者|5|0|0|0|0||0||0|0|0|0|0|0
355|0|0|7|11||0|||失去光榮的復仇|1|0|0|0|0||0||0|0|0|0|0|0
356|0|0|7|11||0|||失去驕傲的復仇|2|0|0|0|0||0||0|0|0|0|0|0
357|0|0|7|11||0|||失去愛侶的復仇|3|0|0|0|0||0||0|0|0|0|0|0
358|0|0|7|11||0|||失去自我的復仇|4|0|0|0|0||0||0|0|0|0|0|0
359|0|0|7|11||0|||失去常性的復仇|5|0|0|0|0||0||0|0|0|0|0|0
360|0|0|7|11||0|||星辰所挑選 ‧ 露娜|8|0|0|0|0||0||0|0|0|0|0|0
361|0|0|7|11||0|||星辰的寵兒 ‧ 艾瑪|8|0|0|0|0||0||0|0|0|0|0|0
362|0|0|7|11||0|||為星宮築路 ‧ 赫茲|8|0|0|0|0||0||0|0|0|0|0|0
363|0|0|7|11||0|||星辰所引導 ‧ 杜門|8|0|0|0|0||0||0|0|0|0|0|0
364|0|0|7|11||0|||星辰所挑選 ‧ 凱莉|8|0|0|0|0||0||0|0|0|0|0|0
365|0|0|7|11||0|||星辰所拯救 ‧ 卡秋婭與拉維妮斯|8|0|0|0|0||0||0|0|0|0|0|0
367|0|0|8|1||0|||機偶的守護之心|14|5|41|40|0||0||0|0|0|0|0|-2014
368|0|0|8|1||0|||學者的探求之心|14|5|42|40|0||0||0|0|0|0|0|-2014
369|0|0|8|1||0|||傀儡的情感之心|14|5|43|40|0||0||0|0|0|0|0|-2014
370|0|0|8|1||0|||半偶的鬱悶之心|14|5|44|40|0||0||0|0|0|0|0|-2014
371|0|0|8|1||0|||學士的識見之心|14|5|45|40|0||0||0|0|0|0|0|-2014
372|0|0|7|11|39|0|||神明的律法|10|0|0|0|0||0||0|0|0|0|0|0
380|0|0|7|11||0|||鎧甲承傳的意志|8|0|0|0|0||0||0|0|0|0|0|0
381|0|0|7|11||0|||妖女的挽歌|1|0|0|0|0||0||0|0|0|0|0|0
382|0|0|7|11||0|||少女的轉生|2|0|0|0|0||0||0|0|0|0|0|0
383|0|0|7|11||0|||少女的重生|3|0|0|0|0||0||0|0|0|0|0|0
384|0|0|7|11||0|||妖女的承繼|4|0|0|0|0||0||0|0|0|0|0|0
385|0|0|7|11||0|||妖女的命運|5|0|0|0|0||0||0|0|0|0|0|0
387|0|0|7|11||0|||巨星的解放|13|0|0|0|0||0||0|0|0|0|0|0
394|0|0|8|1||0|||希望的光|16|6|51|40|0||0||0|0|0|0|0|-2016
395|0|0|8|1||0|||孤寂的雪|16|6|52|40|0||0||0|0|0|0|0|-2016
396|0|0|8|1||0|||守候的影|16|6|53|40|0||0||0|0|0|0|0|-2016
397|0|0|8|1||0|||錯向的風|16|6|54|40|0||0||0|0|0|0|0|-2016
398|0|0|8|1||0|||煉獄的火|16|6|55|40|0||0||0|0|0|0|0|-2016
399|0|0|7|11||0|||鮮紅恩典的解放|4|0|0|0|0||0||0|0|0|0|0|0
400|0|0|7|11||0|||血染的皇族|1|0|0|0|0||0||0|0|0|0|0|0
401|0|0|7|11||0|||躍於人間的狂魔|2|0|0|0|0||0||0|0|0|0|0|0
402|0|0|7|11||0|||痴愛的癲狂|3|0|0|0|0||0||0|0|0|0|0|0
403|0|0|7|11||0|||死亡與藝術|4|0|0|0|0||0||0|0|0|0|0|0
404|0|0|7|11||0|||肆虐人間的狂魔|5|0|0|0|0||0||0|0|0|0|0|0
405|0|0|7|11||0|||巨星的降臨 ‧ 水|13|0|0|0|0||0||0|0|0|0|0|0
406|0|0|7|11||0|||巨星的降臨 ‧ 火|13|0|0|0|0||0||0|0|0|0|0|0
407|0|0|7|11||0|||巨星的降臨 ‧ 木|13|0|0|0|0||0||0|0|0|0|0|0
408|0|0|7|11||0|||巨星的降臨 ‧ 光|13|0|0|0|0||0||0|0|0|0|0|0
409|0|0|7|11||0|||巨星的降臨 ‧ 暗|13|0|0|0|0||0||0|0|0|0|0|0
415|0|0|7|11||0|||跨越遠洋的旅程．水|1|0|0|0|0||0||0|0|0|0|0|0
416|0|0|7|11||0|||跨越遠洋的旅程．火|8|0|0|0|0||0||0|0|0|0|0|0
417|0|0|7|11||0|||跨越遠洋的旅程．木|3|0|0|0|0||0||0|0|0|0|0|0
418|0|0|7|11||0|||尋找意義的旅程．光|3|0|0|0|0||0||0|0|0|0|0|0
419|0|0|7|11||0|||尋找意義的旅程．暗|3|0|0|0|0||0||0|0|0|0|0|0
440|0|0|7|11||0|||藍洋霸主海龍王|11|0|0|0|0||0||0|0|0|0|0|0
441|0|0|7|11||0|||威靈顯赫三太子|11|0|0|0|0||0||0|0|0|0|0|0
442|0|0|7|11||0|||稱霸一方力牛王|11|0|0|0|0||0||0|0|0|0|0|0
443|0|0|7|11||0|||金剛不壞孫大聖|11|0|0|0|0||0||0|0|0|0|0|0
444|0|0|7|11||0|||禍國紅顏蘇美人|11|0|0|0|0||0||0|0|0|0|0|0
449|0|0|7|11||0|||烈士的決意|11|0|0|0|0||0||0|0|0|0|0|0
450|0|0|7|11||0|||道僧的剛毅|11|0|0|0|0||0||0|0|0|0|0|0
451|0|0|7|11||0|||仙將的執意|11|0|0|0|0||0||0|0|0|0|0|0
452|0|0|7|11||0|||仙人的迷惑|11|0|0|0|0||0||0|0|0|0|0|0
453|0|0|7|11||0|||仙道的狂傲|11|0|0|0|0||0||0|0|0|0|0|0
479|0|0|7|11||0|||力量的殿堂|7|0|0|0|0||0||0|0|0|0|0|0
484|0|0|7|11||0|||異體同心的讚頌|8|0|0|0|0||0||0|0|0|0|0|0
488|0|0|7|11||0|||十二星宮的覺悟|8|0|1|0|0||0||0|0|0|0|0|0
489|0|0|7|11||0|||受星靈眷顧的人|8|0|7|0|0||0||0|0|0|0|0|0
495|162|496|10|1||0|||始祖元素之力|19|0|0|0|0||0||0|0|0|0|0|-2019
496|495|497|10|1||0|||精獸的創造主|19|0|0|0|0||0||0|0|0|0|0|-2019
497|496|498|10|1||10|||生命的引導|19|0|0|0|0||0||0|0|0|0|0|-2019
498|497|499|11|1||0|||幻泉的記憶|20|0|0|0|0||0||0|0|0|0|0|-2020
499|498|500|11|1||0|||北域的湧流|20|0|0|0|0||0||0|0|0|0|0|-2020
500|499|528|11|1||8|||日夕神族|20|0|0|0|0||0||0|0|0|0|0|-2020
503|0|0|7|11||0|||女巫的南柯夢|12|0|0|0|0||0||0|0|0|0|0|0
504|0|0|7|11||0|||皇后的心事|12|0|0|0|0||0||0|0|0|0|0|0
505|0|0|7|11||0|||魔女的回憶|12|0|0|0|0||0||0|0|0|0|0|0
506|0|0|7|11||0|||偶遇針線之靈|3|0|0|0|0||0||0|0|0|0|0|0
507|0|0|7|11||0|||藥師大冒險|12|0|0|0|0||0||0|0|0|0|0|0
508|0|0|7|11||0|||船長的復仇|12|0|0|0|0||0||0|0|0|0|0|0
509|0|0|7|11||0|||皇后的自信|12|0|0|0|0||0||0|0|0|0|0|0
510|0|0|7|11||0|||公爵的機智|1|0|0|0|0||0||0|0|0|0|0|0
511|0|0|7|11||0|||侯爵的幻象|2|0|0|0|0||0||0|0|0|0|0|0
512|0|0|7|11||0|||飛進星光的鳥|3|0|0|0|0||0||0|0|0|0|0|0
513|0|0|7|11||0|||傾聽者的自由|4|0|0|0|0||0||0|0|0|0|0|0
514|0|0|7|11||0|||故友的陰謀|5|0|0|0|0||0||0|0|0|0|0|0
515|0|0|7|11||0|||無垢的翅膀|4|0|0|0|0||0||0|0|0|0|0|0
516|0|0|7|11||0|||霧刃之劍|5|0|0|0|0||0||0|0|0|0|0|0
518|0|0|7|11||0|||十二星宮的覺悟|8|0|2|0|0||0||0|0|0|0|0|0
519|0|0|7|11||0|||十二星宮的覺悟|8|0|3|0|0||0||0|0|0|0|0|0
520|0|0|7|11||0|||十二星宮的覺悟|8|0|4|0|0||0||0|0|0|0|0|0
521|0|0|7|11||0|||十二星宮的覺悟|8|0|5|0|0||0||0|0|0|0|0|0
522|0|0|7|11||0|||十二星宮的覺悟|8|0|6|0|0||0||0|0|0|0|0|0
523|0|0|7|11||0|||受星靈眷顧的人|8|0|8|0|0||0||0|0|0|0|0|0
524|0|0|7|11||0|||受星靈眷顧的人|8|0|9|0|0||0||0|0|0|0|0|0
525|0|0|7|11||0|||受星靈眷顧的人|8|0|10|0|0||0||0|0|0|0|0|0
526|0|0|7|11||0|||受星靈眷顧的人|8|0|11|0|0||0||0|0|0|0|0|0
527|0|0|7|11||0|||受星靈眷顧的人|8|0|12|0|0||0||0|0|0|0|0|0
528|500|529|12|1||0|||古神的教導|21|0|0|0|0||0||0|0|0|0|0|-2021
529|528|530|12|1||0|||團結起來的人族|21|0|0|0|0||0||0|0|0|0|0|-2021
530|529|531|12|1||6|||命運的考驗|21|0|0|0|0||0||0|0|0|0|0|-2021
531|530|532|13|1||0|||元素與靈獸|22|0|0|0|0||0||0|0|0|0|0|-2022
532|531|533|13|1||0|||眾仙的戰鬥|22|0|0|0|0||0||0|0|0|0|0|-2022
533|532|534|13|1||5|||存在的價值|22|0|0|0|0||0||0|0|0|0|0|-2022
534|533|535|14|1||0|||尋找居處的旅程|19|0|0|0|0||0||0|0|0|0|0|-2019
535|534|536|14|1||0|||嚮往的理想鄉|19|0|0|0|0||0||0|0|0|0|0|-2019
536|535|537|14|1||9|||潛藏的真相|19|0|0|0|0||0||0|0|0|0|0|-2019
537|536|806|15|1||1|||激戰的先兆|23|0|0|0|0||0||0|0|0|0|0|829
564|0|0|9|1||0|||狹縫之門 ‧ 精華靈魂石|7|0|13|400|1||0||0|0|0|0|102|0
565|0|0|7|11||0|||祭司的崎路|4|0|0|0|0||0||0|0|0|0|0|0
566|0|0|7|11||0|||皇女的末途|4|0|0|0|0||0||0|0|0|0|0|0
567|0|0|7|11||0|||女皇的過渡|4|0|0|0|0||0||0|0|0|0|0|0
570|0|0|7|11||0|||魔獸的傳說|3|0|0|0|0||0||0|0|0|0|0|0
571|0|0|9|1||0|||狹縫之門 ‧ 星靈|8|0|13|400|1||0||0|0|0|0|303|0
572|0|0|9|1||0|||成長的秘密|7|0|13|400|0||0||0|0|0|0|501|0
577|0|0|7|11||0|||孤高奮戰的勇士|1|0|0|0|0||0||0|0|0|0|0|0
578|0|0|7|11||0|||無人理解的智者|2|0|0|0|0||0||0|0|0|0|0|0
579|0|0|7|11||0|||身陷命運的首領|3|0|0|0|0||0||0|0|0|0|0|0
580|0|0|7|11||0|||日光輝煌的翅膀|4|0|0|0|0||0||0|0|0|0|0|0
581|0|0|7|11||0|||月夜祈福的祭司|5|0|0|0|0||0||0|0|0|0|0|0
582|0|0|7|11||0|||湛藍機偶的憶念|1|0|0|0|0||0||0|0|0|0|0|0
583|0|0|7|11||0|||機偶的算式|2|0|0|0|0||0||0|0|0|0|0|0
584|0|0|7|11||0|||鐵偶的內在|3|0|0|0|0||0||0|0|0|0|0|0
585|0|0|7|11||0|||機偶之心|4|0|0|0|0||0||0|0|0|0|0|0
586|0|0|7|11||0|||睿智學士的經歷|5|0|0|0|0||0||0|0|0|0|0|0
588|0|0|7|11||0|||巨星的錘鍊．水|13|0|0|0|0||0||0|0|0|0|0|0
589|0|0|7|11||0|||巨星的錘鍊．火|13|0|0|0|0||0||0|0|0|0|0|0
590|0|0|7|11||0|||巨星的錘鍊．木|13|0|0|0|0||0||0|0|0|0|0|0
591|0|0|7|11||0|||巨星的錘鍊 ‧ 光|13|0|0|0|0||0||0|0|0|0|0|0
592|0|0|7|11||0|||巨星的錘鍊．暗|13|0|0|0|0||0||0|0|0|0|0|0
593|0|0|7|11||0|||水與火的協調|1|0|0|0|0||0||0|0|0|0|0|0
594|0|0|7|11||0|||火與木的交錯|2|0|0|0|0||0||0|0|0|0|0|0
595|0|0|7|11||0|||水與木的共融|3|0|0|0|0||0||0|0|0|0|0|0
596|0|0|7|11||0|||光與暗的合唱|8|0|0|0|0||0||0|0|0|0|0|0
597|0|0|7|11||0|||暗與光的共舞|8|0|0|0|0||0||0|0|0|0|0|0
631|0|0|7|11||0|||天之痕 ‧ 水|18|0|0|0|0||0||0|0|0|0|0|0
632|0|0|7|11||0|||天之痕 ‧ 火|18|0|0|0|0||0||0|0|0|0|0|0
633|0|0|7|11||0|||天之痕 ‧ 木|18|0|0|0|0||0||0|0|0|0|0|0
634|0|0|7|11||0|||蒼之濤 ‧ 光|18|0|0|0|0||0||0|0|0|0|0|0
635|0|0|7|11||0|||雲和山的彼端 ‧ 暗|18|0|0|0|0||0||0|0|0|0|0|0
636|0|0|7|11||0|||穹之扉 ‧ 水|1|0|0|0|0||0||0|0|0|0|0|0
637|0|0|7|11||0|||一劍淩雲山海情 ‧ 火|3|0|0|0|0||0||0|0|0|0|0|0
638|0|0|7|11||0|||一劍淩雲山海情 ‧ 木|18|0|0|0|0||0||0|0|0|0|0|0
639|0|0|7|11||0|||天之痕 ‧ 光|18|0|0|0|0||0||0|0|0|0|0|0
640|0|0|7|11||0|||漢之雲 ‧ 暗|18|0|0|0|0||0||0|0|0|0|0|0
641|0|0|7|11||0|||穹之扉 ‧ 木|3|0|0|0|0||0||0|0|0|0|0|0
650|0|0|7|11||0|||夥伴的強化 ‧ 水|1|0|0|0|0||0||0|0|0|0|0|0
651|0|0|7|11||0|||夥伴的強化 ‧ 火|2|0|0|0|0||0||0|0|0|0|0|0
652|0|0|7|11||0|||夥伴的強化 ‧ 木|3|0|0|0|0||0||0|0|0|0|0|0
653|0|0|7|11||0|||夥伴的強化 ‧ 光|4|0|0|0|0||0||0|0|0|0|0|0
654|0|0|7|11||0|||夥伴的強化 ‧ 暗|5|0|0|0|0||0||0|0|0|0|0|0
655|0|0|7|11||0|||尋找使命的旅程 ‧ 水|1|0|0|0|0||0||0|0|0|0|0|0
656|0|0|7|11||0|||尋找使命的旅程 ‧ 火|2|0|0|0|0||0||0|0|0|0|0|0
657|0|0|7|11||0|||尋找使命的旅程 ‧ 木|3|0|0|0|0||0||0|0|0|0|0|0
658|0|0|7|11||0|||傲歷千年的神族|8|0|0|0|0||0||0|0|0|0|0|0
678|0|0|7|11||0|||神力的解封|8|0|0|0|0||0||0|0|0|0|0|0
679|0|0|7|11||0|||融化寒冰的心|15|0|0|0|0||0||0|0|0|0|0|0
680|0|0|7|11||0|||擺脫操控的心|15|0|0|0|0||0||0|0|0|0|0|0
681|0|0|7|11||0|||不會屈服的心|15|0|0|0|0||0||0|0|0|0|0|0
682|0|0|7|11||0|||永恆不變的心|15|0|0|0|0||0||0|0|0|0|0|0
683|0|0|7|11||0|||不再孤寂的心|15|0|0|0|0||0||0|0|0|0|0|0
684|0|0|7|11||0|||黃昏的幻境|27|0|0|0|0||0||0|0|0|0|0|0
691|0|0|7|11||0|||時過境遷的變化|6|0|0|0|0||0||0|0|0|0|0|0
692|0|0|7|11||0|||眾仙的決心|11|0|22|0|0||0||0|0|0|0|0|0
699|0|0|8|1||0|||弗爾克范格女皇|27|9|91|40|0||0||0|0|0|0|0|-2027
700|0|0|8|1||0|||聖地守護神|27|9|92|40|0||0||0|0|0|0|0|-2027
701|0|0|8|1||0|||悼靈的考古學者|27|9|93|40|0||0||0|0|0|0|0|-2027
702|0|0|8|1||0|||瓦爾哈拉國雙王|27|9|94|40|0||0||0|0|0|0|0|-2027
703|0|0|8|1||0|||不赦之淚|27|9|95|40|0||0||0|0|0|0|0|-2027
705|0|0|9|1||0|||狹縫之門 ‧ 戰域|7|0|13|400|1||0||0|0|0|0|209|0
706|0|0|7|11||0|||繼承者的意志|3|0|0|0|0||0||0|0|0|0|0|0
707|0|0|7|11||0|||天律雨神的慈愛|19|0|0|0|0||0||0|0|0|0|0|0
708|0|0|7|11||0|||戰爭之神的考驗|19|0|0|0|0||0||0|0|0|0|0|0
709|0|0|7|11||0|||天空之神的憤怒|19|0|0|0|0||0||0|0|0|0|0|0
710|0|0|7|11||0|||太陽之子的判決|19|0|0|0|0||0||0|0|0|0|0|0
711|0|0|7|11||0|||不死冥王的執念|19|0|0|0|0||0||0|0|0|0|0|0
713|0|0|7|11||0|||眾仙的決心|11|0|25|0|0||0||0|0|0|0|0|0
714|0|0|7|11||0|||眾仙的決心|11|0|21|0|0||0||0|0|0|0|0|0
715|0|0|7|11||0|||眾仙的決心|11|0|23|0|0||0||0|0|0|0|0|0
716|0|0|7|11||0|||眾仙的決心|11|0|24|0|0||0||0|0|0|0|0|0
717|0|0|7|11||0|||鳴動的心|15|0|52|0|0||0||0|0|0|0|0|0
724|0|0|9|1||0|||重生的契機|7|0|13|400|0||0||0|0|0|0|501|0
740|0|0|7|11||0|||異世界的軍團|0|0|0|0|0||0||0|0|0|0|0|0
742|0|0|7|11||0|||池中孤蓮伴月眠|26|0|0|0|0||0||0|0|0|0|0|0
743|0|0|7|11||0|||盼能與君長相依|26|0|0|0|0||0||0|0|0|0|0|0
744|0|0|7|11||0|||仗劍江湖為紅顏|26|0|0|0|0||0||0|0|0|0|0|0
745|0|0|7|11||0|||芙蓉紅顏逍遙女|26|0|0|0|0||0||0|0|0|0|0|0
746|0|0|7|11||0|||千金難求珍寶|26|0|0|0|0||0||0|0|0|0|0|0
747|0|0|7|11||0|||人生自是有情痴|26|0|0|0|0||0||0|0|0|0|0|0
748|0|0|7|11||0|||魂無歸處為情牽|26|0|0|0|0||0||0|0|0|0|0|0
749|0|0|7|11||0|||焉教冷鏡瘦朱顏|26|0|0|0|0||0||0|0|0|0|0|0
750|0|0|7|11||0|||浮生痴情化劍芒|26|0|0|0|0||0||0|0|0|0|0|0
751|0|0|7|11||0|||只願漣漪心湖中|26|0|0|0|0||0||0|0|0|0|0|0
752|0|0|7|11||0|||夙祈晴我青溟色|26|0|0|0|0||0||0|0|0|0|0|0
753|0|0|7|11||0|||落花逐水數沉浮|26|0|0|0|0||0||0|0|0|0|0|0
754|0|0|7|11||0|||越下青塵越不休|26|0|0|0|0||0||0|0|0|0|0|0
755|0|0|7|11||0|||水之力的守護神|25|0|0|0|0||0||0|0|0|0|0|0
756|0|0|7|11||0|||灼熱的火焰秘劍|25|0|0|0|0||0||0|0|0|0|0|0
757|0|0|7|11||0|||掌控王權的妖精|25|0|0|0|0||0||0|0|0|0|0|0
758|0|0|7|11||0|||榮耀的圓桌騎士|25|0|0|0|0||0||0|0|0|0|0|0
759|0|0|7|11||0|||眾神的女王|25|0|0|0|0||0||0|0|0|0|0|0
760|0|0|7|11||0|||世界的支撐|25|0|0|0|0||0||0|0|0|0|0|0
761|0|0|7|11||0|||墮落的天使|25|0|0|0|0||0||0|0|0|0|0|0
762|0|0|7|11||0|||試煉的幻夢|11|0|0|0|0||0||0|0|0|0|0|0
766|0|0|7|11||0|||冥界之主|5|0|0|0|0||0||0|0|0|0|0|0
778|0|0|7|11||0|||願望的期許|1|0|0|0|0||0||0|0|0|0|0|0
779|0|0|7|11||0|||期望的實現|2|0|0|0|0||0||0|0|0|0|0|0
780|0|0|7|11||0|||探知的實踐|3|0|0|0|0||0||0|0|0|0|0|0
781|0|0|7|11||0|||玩具的價值|4|0|0|0|0||0||0|0|0|0|0|0
782|0|0|7|11||0|||持續的友誼|5|0|0|0|0||0||0|0|0|0|0|0
792|0|0|9|1||0|||狹縫之門 ‧ 靈魂|7|0|13|400|1||0||0|0|0|0|402|0
795|0|0|9|1||0|||狹縫之門 ‧ 金庫|7|0|13|400|1||0||0|0|0|0|401|0
796|0|0|7|11||0|||鳴動的心|15|0|55|0|0||0||0|0|0|0|0|0
797|0|0|7|11||0|||鳴動的心|15|0|54|0|0||0||0|0|0|0|0|0
798|0|0|7|11||0|||鳴動的心|15|0|51|0|0||0||0|0|0|0|0|0
799|0|0|7|11||0|||鳴動的心|15|0|53|0|0||0||0|0|0|0|0|0
806|537|807|16|1||0|||謎團的答案|29|0|0|0|0||0||0|0|0|0|0|-2029
807|806|808|16|1||0|||眾神的真面目|29|0|0|0|0||0||0|0|0|0|0|-2029
808|807|809|17|1||0|||混沌裡的雷光|30|0|0|0|0||0||0|0|0|0|0|-2030
809|808|810|17|1||0|||操控一切的主神|30|0|0|0|0||0||0|0|0|0|0|-2030
810|809|1513|18|1||0|||激烈的戰鬥|31|0|0|0|0||0||0|0|0|0|0|1135
813|0|0|7|11||0|||對智慧的領悟|21|0|0|0|0||0||0|0|0|0|0|0
814|0|0|7|11||0|||對力量的頓悟|21|0|0|0|0||0||0|0|0|0|0|0
815|0|0|7|11||0|||對民族的覺悟|21|0|0|0|0||0||0|0|0|0|0|0
816|0|0|7|11||0|||對生命的感悟|21|0|0|0|0||0||0|0|0|0|0|0
817|0|0|7|11||0|||對命運的醒悟|21|0|0|0|0||0||0|0|0|0|0|0
818|0|0|7|11||0|||噩夢的執迷|1|0|0|0|0||0||0|0|0|0|0|0
819|0|0|7|11||0|||律法的執迷|2|0|0|0|0||0||0|0|0|0|0|0
820|0|0|7|11||0|||嫉愛的執迷|3|0|0|0|0||0||0|0|0|0|0|0
821|0|0|7|11||0|||殺戮的執迷|4|0|0|0|0||0||0|0|0|0|0|0
822|0|0|7|11||0|||戰鬥的執迷|5|0|0|0|0||0||0|0|0|0|0|0
843|0|0|7|11||0|||發掘神力的源石|8|0|0|0|0||0||0|0|0|0|0|0
844|0|0|7|11||0|||堅守心聲 ‧ 水|1|0|0|0|0||0||0|0|0|0|0|0
845|0|0|7|11||0|||堅守心聲 ‧ 火|2|0|0|0|0||0||0|0|0|0|0|0
846|0|0|7|11||0|||堅守心聲 ‧ 木|3|0|0|0|0||0||0|0|0|0|0|0
847|0|0|7|11||0|||堅守心聲 ‧ 光|4|0|0|0|0||0||0|0|0|0|0|0
848|0|0|7|11||0|||堅守心聲 ‧ 暗|5|0|0|0|0||0||0|0|0|0|0|0
893|0|0|7|11||0|||終極玩具精靈|4|0|0|0|0||0||0|0|0|0|0|0
894|0|0|7|11||0|||童話的開端 ‧ 水|4|0|0|0|0||0||0|0|0|0|0|0
895|0|0|7|11||0|||童話的開端 ‧ 火|5|0|0|0|0||0||0|0|0|0|0|0
896|0|0|7|11||0|||童話的開端 ‧ 木|4|0|0|0|0||0||0|0|0|0|0|0
897|0|0|7|11||0|||童話的開端 ‧ 光|7|0|0|0|0||0||0|0|0|0|0|0
898|0|0|7|11||0|||童話的開端 ‧ 暗|5|0|0|0|0||0||0|0|0|0|0|0
916|0|0|7|11||0|||古人類的敏悟|21|0|0|0|0||0||0|0|0|0|0|0
917|0|0|7|11||0|||大自然的調和 ‧ 水|3|0|0|0|0||0||0|0|0|0|0|0
918|0|0|7|11||0|||大自然的調和 ‧ 火|3|0|0|0|0||0||0|0|0|0|0|0
919|0|0|7|11||0|||大自然的調和 ‧ 木|3|0|0|0|0||0||0|0|0|0|0|0
920|0|0|7|11||0|||大自然的調和 ‧ 光|3|0|0|0|0||0||0|0|0|0|0|0
921|0|0|7|11||0|||大自然的調和 ‧ 暗|3|0|0|0|0||0||0|0|0|0|0|0
923|0|0|8|1||0|||蛞蝓的水跡|33|10|101|40|0||0||0|0|0|0|0|-2033
924|0|0|8|1||0|||犬神的鈴鐺|33|10|102|40|0||0||0|0|0|0|0|-2033
925|0|0|8|1||0|||獨角馬的厚禮|33|10|103|40|0||0||0|0|0|0|0|-2033
926|0|0|8|1||0|||麒麟的銅幣|33|10|104|40|0||0||0|0|0|0|0|-2033
927|0|0|8|1||0|||赤龍的秘果|33|10|105|40|0||0||0|0|0|0|0|-2033
932|0|0|7|11||0|||審判的戰場|8|0|0|0|0||0||0|0|0|0|0|0
933|0|0|7|11||0|||酒賜的聰慧|27|0|0|0|0||0||0|0|0|0|0|0
934|0|0|7|11||0|||酒賜的堅毅|27|0|0|0|0||0||0|0|0|0|0|0
935|0|0|7|11||0|||酒賜的英勇|27|0|0|0|0||0||0|0|0|0|0|0
936|0|0|7|11||0|||酒賜的思念|27|0|0|0|0||0||0|0|0|0|0|0
937|0|0|7|11||0|||酒賜的機心|27|0|0|0|0||0||0|0|0|0|0|0
956|0|0|30|19||0|||遺跡特許 ‧ 無貌之神的誓約|5|0|0|0|0||0||0|0|0|0|0|0
957|0|0|30|19||0|||遺跡特許 ‧ 命運少女史|7|0|0|0|1||0||0|0|0|0|0|0
962|0|0|7|11||0|||在很久很久以前|5|0|0|0|0||0||0|0|0|0|0|0
963|0|0|7|11||0|||天祐北域 ‧ 水|27|0|0|0|0||0||0|0|0|0|0|0
964|0|0|7|11||0|||天祐北域 ‧ 火|27|0|0|0|0||0||0|0|0|0|0|0
965|0|0|7|11||0|||天祐北域 ‧ 木|27|0|0|0|0||0||0|0|0|0|0|0
966|0|0|7|11||0|||天祐北域 ‧ 光|27|0|0|0|0||0||0|0|0|0|0|0
967|0|0|7|11||0|||天祐北域 ‧ 暗|27|0|0|0|0||0||0|0|0|0|0|0
970|0|0|30|19||0|||遺跡特許 ‧ 鎧之魂|7|0|0|0|1||0||0|0|0|0|0|0
971|0|0|30|19||0|||遺跡特許 ‧ 實現願望的代價|4|0|0|0|0||0||0|0|0|0|0|0
986|0|0|30|19||0|||遺跡特許 ‧ 守護犬大冒險|7|0|0|0|1||0||0|0|0|0|0|0
987|0|0|30|19||0|||遺跡特許 ‧ 異變的永生|5|0|0|0|0||0||0|0|0|0|0|0
988|0|0|7|11||0|||歷史的幻景|8|0|0|0|0||0||0|0|0|0|0|0
991|0|0|30|19||0|||遺跡特許 ‧ 妖相迷惑|7|0|0|0|1||0||0|0|0|0|0|0
992|0|0|30|19||0|||遺跡特許 ‧ 魔境的審判|2|0|0|0|0||0||0|0|0|0|0|0
998|0|0|7|11||0|||與自然對話|3|0|0|0|0||0||0|0|0|0|0|0
999|0|0|7|11||0|||魔君的侍衛|22|0|0|0|0||0||0|0|0|0|0|0
1000|0|0|7|11||0|||魔君的奴隸|22|0|0|0|0||0||0|0|0|0|0|0
1001|0|0|7|11||0|||魔君的同窗|22|0|0|0|0||0||0|0|0|0|0|0
1002|0|0|7|11||0|||魔君的蒼蠅|22|0|0|0|0||0||0|0|0|0|0|0
1003|0|0|7|11||0|||魔君的叛徒|22|0|0|0|0||0||0|0|0|0|0|0
1011|0|0|30|19||1|||遺跡特許 ‧ 眾喃之耳|3|0|0|0|0||0||0|0|0|0|0|0
1012|0|0|30|19||0|||遺跡特許 ‧ 龍焰重燃|27|0|0|0|0||0||0|0|0|0|0|0
1013|0|0|30|19||0|||遺跡特許 ‧ 塔之門衛|7|0|0|0|1||0||0|0|0|0|0|0
1014|0|0|30|19||0|||遺跡特許 ‧ 魔研結晶|7|0|0|0|1||0||0|0|0|0|0|0
1021|0|0|30|19||0|||遺跡特許 ‧ 黃衣之王的印記|7|0|0|0|0||0||0|0|0|0|0|0
1022|0|0|30|19||0|||遺跡特許 ‧ 強大的火力支援|14|0|0|0|0||0||0|0|0|0|0|0
1023|0|0|30|19||0|||遺跡特許 ‧ 防患龍跡|7|0|0|0|1||0||0|0|0|0|0|0
1024|0|0|30|19||0|||遺跡特許 ‧ 超獸總司令|7|0|0|0|1||0||0|0|0|0|0|0
1026|0|0|7|11||0|||女武神讚頌詩|27|0|0|0|0||0||0|0|0|0|0|0
1027|0|0|7|11||0|||命運女神的書寫 ‧ 水|8|0|0|0|0||0||0|0|0|0|0|0
1028|0|0|7|11||0|||命運女神的書寫 ‧ 火|8|0|0|0|0||0||0|0|0|0|0|0
1029|0|0|7|11||0|||命運女神的書寫 ‧ 木|8|0|0|0|0||0||0|0|0|0|0|0
1030|0|0|7|11||0|||命運女神的書寫 ‧ 光|8|0|0|0|0||0||0|0|0|0|0|0
1031|0|0|7|11||0|||命運女神的書寫 ‧ 暗|8|0|0|0|0||0||0|0|0|0|0|0
1038|0|0|9|1||0|||狹縫之門 ‧ 步兵操練|7|0|13|400|1||0||0|0|0|0|206|0
1039|0|0|30|19||0|||遺跡特許 ‧ 忠誠的千知鴞鳥|23|0|0|0|0||0||0|0|0|0|0|0
1040|0|0|30|19||0|||遺跡特許 ‧ 代表力量的翅膀|8|0|0|0|0||0||0|0|0|0|0|0
1041|0|0|30|19||0|||遺跡特許 ‧ 水惡鬼的血契|1|0|0|0|1||0||0|0|0|0|0|0
1042|0|0|30|19||0|||遺跡特許 ‧ 火惡鬼的血契|2|0|0|0|1||0||0|0|0|0|0|0
1043|0|0|30|19||0|||遺跡特許 ‧ 木惡鬼的血契|3|0|0|0|1||0||0|0|0|0|0|0
1044|0|0|30|19||0|||遺跡特許 ‧ 光惡鬼的血契|3|0|0|0|1||0||0|0|0|0|0|0
1045|0|0|30|19||0|||遺跡特許 ‧ 暗惡鬼的血契|3|0|0|0|1||0||0|0|0|0|0|0
1053|0|0|7|11||0|||鐵鱗銅皮|6|0|0|0|0||0||0|0|0|0|0|0
1054|0|0|7|11||0|||遊樂場帝國|32|0|0|0|0||0||0|0|0|0|0|0
1055|0|0|7|11||0|||法蘭西宮殿|32|0|0|0|0||0||0|0|0|0|0|0
1056|0|0|7|11||0|||千術擂台|32|0|0|0|0||0||0|0|0|0|0|0
1057|0|0|7|11||0|||流淌黑金的沙漠|32|0|0|0|0||0||0|0|0|0|0|0
1058|0|0|7|11||0|||伊賀忍者村|32|0|0|0|0||0||0|0|0|0|0|0
1059|0|0|7|11||0|||七星級中華餐館|32|0|0|0|0||0||0|0|0|0|0|0
1060|0|0|7|11||0|||水槄田園|32|0|0|0|0||0||0|0|0|0|0|0
1061|0|0|7|11||0|||集財投資地|32|0|0|0|0||0||0|0|0|0|0|0
1076|0|0|7|11||0|||勞動者的意志 - hidden|29|0|0|0|0||0||0|0|0|0|0|0
1078|0|0|30|19||0|||遺跡特許 ‧ 老師遺留的紀錄|21|0|0|0|0||0||0|0|0|0|0|0
1079|0|0|30|19||0|||遺跡特許 ‧ 東方靈獸傳記|11|0|0|0|1||0||0|0|0|0|0|0
1083|0|0|9|1||0|||奧秘之門 ‧ 萌芽|0|0|13|400|1||0||0|0|0|0|305|0
1094|0|0|7|11||0|||智獸們的修行|33|0|0|0|0||0||0|0|0|0|0|0
1095|0|0|7|11||0|||古希臘神的妄語 ‧ 水|1|0|0|0|0||0||0|0|0|0|0|0
1096|0|0|7|11||0|||古希臘神的妄語 ‧ 火|2|0|0|0|0||0||0|0|0|0|0|0
1097|0|0|7|11||0|||古希臘神的妄語 ‧ 木|3|0|0|0|0||0||0|0|0|0|0|0
1098|0|0|7|11||0|||古希臘神的妄語 ‧ 光|4|0|0|0|0||0||0|0|0|0|0|0
1099|0|0|7|11||0|||古希臘神的妄語 ‧ 暗|5|0|0|0|0||0||0|0|0|0|0|0
1113|0|0|30|19||0|||遺跡特許 ‧ 玉清之主來臨|11|0|0|0|0||0||0|0|0|0|0|0
1114|0|0|30|19||0|||遺跡特許 ‧ 上清教主降尊|11|0|0|0|0||0||0|0|0|0|0|0
1115|0|0|30|19||0|||遺跡特許 ‧ 太清尊者降生|11|0|0|0|0||0||0|0|0|0|0|0
1121|0|0|7|22||0|||一起變強|0|0|0|0|0||0||0|0|0|0|0|-1016
1122|0|0|30|19||0|||遺跡特許 ‧ 與摩斯路並肩而戰|14|0|0|0|0||0||0|0|0|0|0|0
1123|0|0|30|19||0|||遺跡特許 ‧ 與薇薇爾並肩而戰|14|0|0|0|0||0||0|0|0|0|0|0
1124|0|0|30|19||0|||遺跡特許 ‧ 與毒刺並肩而戰|14|0|0|0|0||0||0|0|0|0|0|0
1125|0|0|30|19||0|||遺跡特許 ‧ 與皮諾曹並肩而戰|14|0|0|0|0||0||0|0|0|0|0|0
1126|0|0|30|19||0|||遺跡特許 ‧ 與傑佩諾並肩而戰|14|0|0|0|0||0||0|0|0|0|0|0
1127|0|0|30|19||0|||遺跡特許 ‧ 瘦長身影的傳說|3|0|0|0|0||0||0|0|0|0|0|0
1128|0|0|24|1||0|||墮入未知的世界|41|0|0|0|0||0||1|0|0|0|0|-2041
1129|0|0|24|1||0|||世界初探|41|0|0|0|0||0||1|1|0|0|0|-2041
1130|0|0|24|1||0|||北域的強者|41|0|0|0|0||0||1|1|0|0|0|-2041
1131|0|0|23|1||0|||逃回大本營|40|0|0|0|0||0||1|1|0|0|0|-2040
1132|0|0|23|1||0|||阿薩族戰役|40|0|0|0|0||0||1|1|0|0|0|-2040
1133|0|0|23|1||0|||扭轉戰況的一著|40|0|0|0|0||0||1|1|0|0|0|-2040
1134|0|0|23|1||0|||所謂的強大|40|0|0|0|0||0||1|1|0|0|0|-2040
1135|0|0|23|1||0|||他與她的羈絆|40|0|0|0|0||0||1|1|0|0|0|-2040
1136|0|0|22|1||0|||隱晦的烏雲|39|0|0|0|0||0||1|1|0|0|0|-2039
1137|0|0|23|1||0|||背叛北域的人|40|0|0|0|0||0||1|1|0|0|0|-2040
1138|0|0|23|1||0|||痛苦的決裂|40|0|0|0|0||0||1|1|0|0|0|-2040
1139|0|0|23|1||0|||魔族的威脅|40|0|0|0|0||0||1|1|0|0|0|-2040
1140|0|0|7|11||0|||素還真的俠義|37|0|0|0|0||0||0|0|0|0|0|0
1141|0|0|7|11||0|||魔王子的好勝|37|0|0|0|0||0||0|0|0|0|0|0
1142|0|0|7|11||0|||劍之初的情深|37|0|0|0|0||0||0|0|0|0|0|0
1143|0|0|7|11||0|||一頁書的疾惡|37|0|0|0|0||0||0|0|0|0|0|0
1144|0|0|7|11||0|||葉小釵的凜然|37|0|0|0|0||0||0|0|0|0|0|0
1148|0|0|7|22||0|||解放的契機 ‧ 人|0|0|0|0|0||0||0|0|0|0|0|0
1149|0|0|7|22||0|||解放的契機 ‧ 神|0|0|0|0|0||0||0|0|0|0|0|0
1150|0|0|7|22||0|||解放的契機 ‧ 獸|0|0|0|0|0||0||0|0|0|0|0|0
1151|0|0|7|22||0|||解放的契機 ‧ 龍|0|0|0|0|0||0||0|0|0|0|0|0
1152|0|0|7|22||0|||解放的契機 ‧ 妖|0|0|0|0|0||0||0|0|0|0|0|0
1153|0|0|7|22||0|||解放的契機 ‧ 魔|0|0|0|0|0||0||0|0|0|0|0|0
1154|0|0|7|22||0|||解放的契機 ‧ 金蛋|0|0|0|0|0||0||0|0|0|0|0|1494
1164|0|0|24|1||0|||最後的決意|41|0|0|0|0||0||1|1|0|0|0|-2041
1165|0|0|22|1||0|||與女孩的相遇|39|0|0|0|0||0||1|2|0|0|0|-2039
1166|0|0|22|1||0|||逐漸披露的訊息|39|0|0|0|0||0||1|2|0|0|0|-2039
1167|0|0|22|1||0|||來訪華納族|39|0|0|0|0||0||1|2|0|0|0|-2039
1168|0|0|22|1||0|||華納族戰役|39|0|0|0|0||0||1|2|0|0|0|-2039
1169|0|0|22|1||0|||費蕾雅與勝利之劍|39|0|0|0|0||0||1|2|0|0|0|-2039
1170|0|0|24|1||0|||家人的思念|41|0|0|0|0||0||1|2|0|0|0|-2041
1171|0|0|22|1||0|||新的目標|39|0|0|0|0||0||1|2|0|0|0|-2039
1172|0|0|24|1||0|||前往最強部落|41|0|0|0|0||0||1|2|0|0|0|-2041
1173|0|0|22|1||0|||新夥伴的加入|39|0|0|0|0||0||1|2|0|0|0|-2039
1174|0|0|22|1||0|||過往的恩怨|39|0|0|0|0||0||1|2|0|0|0|-2039
1175|0|0|22|1||0|||北域危機|39|0|0|0|0||0||1|3|0|0|0|-2039
1176|0|0|24|1||0|||拼死一戰|41|0|0|0|0||0||1|2|0|0|0|-2041
1177|0|0|24|1||0|||漫長的夢|41|0|0|0|0||0||1|1|0|0|0|-2041
1178|0|0|24|1||0|||一切的終結|41|0|0|0|0||0||1|1|0|0|0|-2041
1187|0|0|7|11||0|||鮮紅的結局|5|0|0|0|0||0||0|0|0|0|0|0
1189|0|0|30|19||0|||遺跡特許 ‧ 暴食之罪|1|0|0|0|1||0||0|0|0|0|0|0
1190|0|0|30|19||0|||遺跡特許 ‧ 貪婪之罪|4|0|0|0|1||0||0|0|0|0|0|0
1191|0|0|30|19||0|||遺跡特許 ‧ 狂怒之罪|2|0|0|0|1||0||0|0|0|0|0|0
1192|0|0|30|19||0|||遺跡特許 ‧ 色慾之罪|1|0|0|0|1||0||0|0|0|0|0|0
1193|0|0|30|19||0|||遺跡特許 ‧ 傲慢之罪|3|0|0|0|1||0||0|0|0|0|0|0
1194|0|0|30|19||0|||遺跡特許 ‧ 怠惰之罪|1|0|0|0|1||0||0|0|0|0|0|0
1195|0|0|30|19||0|||遺跡特許 ‧ 嫉妒之罪|5|0|0|0|0||0||0|0|0|0|0|0
1197|0|0|25|1||0|||魔族寶庫|42|0|0|0|0||0||1|0|0|0|0|-2042
1198|0|0|25|1||0|||小魔女的邀請|42|0|0|0|0||0||1|0|0|0|0|-2042
1199|0|0|25|1||0|||他們的回憶|42|0|0|0|0||0||0|0|0|0|0|-2042
1200|0|0|9|1||0|||妖獸幻窟|7|0|13|400|1||0||0|0|0|0|202|0
1205|0|0|30|19||0|||遺跡特許 ‧ 瘋癲的茶客|1|0|0|0|1||0||0|0|0|0|0|0
1206|0|0|30|19||0|||遺跡特許 ‧ 狂人的茶會|2|0|0|0|1||0||0|0|0|0|0|0
1207|0|0|30|19||0|||遺跡特許 ‧ 墮進魔境之洞|3|0|0|0|1||0||0|0|0|0|0|0
1208|0|0|30|19||0|||遺跡特許 ‧ 被喚醒的睡獸|4|0|0|0|1||0||0|0|0|0|0|0
1209|0|0|30|19||0|||遺跡特許 ‧ 魔境的岔路|5|0|0|0|1||0||0|0|0|0|0|0
1210|0|0|30|19||0|||遺跡特許 ‧ 一諾千金|8|0|0|0|0||0||0|0|0|0|0|0
1211|0|0|7|11||0|||守護阿斯嘉特|27|0|0|0|0||0||0|0|0|0|0|0
1228|0|0|9|1||0|||非法集會|7|0|13|400|1||0||0|0|0|0|207|0
1236|0|0|7|11||0|||命運多舛的妖女們|3|0|0|0|0||0||0|0|0|0|0|0
1237|0|0|7|11||0|||戢武王的風彩|37|0|0|0|0||0||0|0|0|0|0|0
1238|0|0|7|11||0|||傲笑紅塵的明察|37|0|0|0|0||0||0|0|0|0|0|0
1239|0|0|7|11||0|||風之痕的傲氣|37|0|0|0|0||0||0|0|0|0|0|0
1240|0|0|7|11||0|||藍色超能戰士|43|0|0|0|0||0||0|0|0|0|0|0
1241|0|0|7|11||0|||草薙之日|43|0|0|0|0||0||0|0|0|0|0|0
1242|0|0|7|11||0|||除惡務盡|43|0|0|0|0||0||0|0|0|0|0|0
1243|0|0|7|11||0|||響絕雷鳴|43|0|0|0|0||0||0|0|0|0|0|0
1244|0|0|7|11||0|||八神之月|43|0|0|0|0||0||0|0|0|0|0|0
1245|0|0|7|11||0|||魅惑女忍|43|0|0|0|0||0||0|0|0|0|0|0
1246|0|0|7|11||0|||狼之烙印|43|0|0|0|0||0||0|0|0|0|0|0
1247|0|0|7|11||0|||不為私利而戰|43|0|0|0|0||0||0|0|0|0|0|0
1250|0|0|26|1||0|||可怕的襲擊|44|0|0|0|0||0||2|1|0|0|0|-2044
1251|0|0|26|1||0|||喚醒伊莉莎白|44|0|0|0|0||0||2|1|0|0|0|-2044
1252|0|0|26|1||0|||爭持不下的二人|44|0|0|0|0||0||2|1|0|0|0|-2044
1253|0|0|26|1||0|||陰霾下的對話|44|0|0|0|0||0||2|1|0|0|0|-2044
1254|0|0|26|1||0|||荒廢的城市|44|0|0|0|0||0||2|1|0|0|0|-2044
1255|0|0|26|1||0|||窮途末路|44|0|0|0|0||0||2|1|0|0|0|-2044
1256|0|0|26|1||0|||逐漸解開的謎團|44|0|0|0|0||0||2|1|0|0|0|-2044
1257|0|0|26|1||0|||連番激戰|44|0|0|0|0||0||2|1|0|0|0|-2044
1258|0|0|26|1||0|||治癒的雨水|44|0|0|0|0||0||2|1|0|0|0|-2044
1259|0|0|27|1||0|||詭異的城鎮|45|0|0|0|0||0||2|2|0|0|0|-2045
1260|0|0|27|1||0|||前往安全之地|45|0|0|0|0||0||2|2|0|0|0|-2045
1261|0|0|27|1||0|||危機不斷|45|0|0|0|0||0||2|2|0|0|0|-2045
1262|0|0|27|1||0|||獨自的追蹤|45|0|0|0|0||0||2|2|0|0|0|-2045
1263|0|0|27|1||0|||悲哀的下場|45|0|0|0|0||0||2|2|0|0|0|-2045
1264|0|0|27|1||0|||玩具的無奈|45|0|0|0|0||0||2|2|0|0|0|-2045
1265|0|0|27|1||0|||逐漸浮現的真相|45|0|0|0|0||0||2|2|0|0|0|-2045
1266|0|0|27|1||0|||敵人的基地|45|0|0|0|0||0||2|2|0|0|0|-2045
1267|0|0|27|1||0|||絲堤與玩具的怨念|45|0|0|0|0||0||2|2|0|0|0|-2045
1268|0|0|26|1||0|||仇恨的終末|44|0|0|0|0||0||2|1|0|0|0|-2044
1269|0|0|26|1||0|||利己的選擇|44|0|0|0|0||96||2|1|0|0|0|-2044
1270|0|0|26|1||0|||伊莉莎白的回憶|44|0|0|0|0||0||2|1|0|0|0|-2044
1271|0|0|26|1||0|||潔琪的回憶|44|0|0|0|0||0||2|1|0|0|0|-2044
1272|0|0|26|1||0|||無法回頭的路|44|0|0|0|0||0||2|1|0|0|0|-2044
1273|0|0|26|1||0|||傑克的回憶|44|0|0|0|0||0||2|1|0|0|0|-2044
1274|0|0|27|1||0|||貝莉的自救|45|0|0|0|0||0||2|2|0|0|0|-2045
1275|0|0|27|1||0|||渴望時間回溯|45|0|0|0|0||0||2|2|0|0|0|-2045
1276|0|0|27|1||0|||彼此信賴|45|0|0|0|0||0||2|2|0|0|0|-2045
1277|0|0|27|1||0|||過去的幸福|45|0|0|0|0||0||2|2|0|0|0|-2045
1278|0|0|27|1||0|||被背叛的魔族|45|0|0|0|0||0||2|2|0|0|0|-2045
1279|0|0|27|1||0|||無路可走|45|0|0|0|0||0||2|2|0|0|0|-2045
1280|0|0|28|1||0|||玩具的思念|46|0|0|0|0||0||2|3|0|0|0|-2046
1281|0|0|28|1||0|||與狂魔們的道別|46|0|0|0|0||0||2|3|0|0|0|-2046
1282|0|0|28|1||0|||與玩具們的道別|46|0|0|0|0||0||2|3|0|0|0|-2046
1283|0|0|26|1||0|||回憶的呼喚|44|0|0|0|0||0||2|1|0|0|0|-2044
1293|0|0|7|11||0|||統一神魔的野心|5|0|0|0|0||0||0|0|1|0|0|0
1304|0|0|7|11||0|||英雄們的崛起 ‧ 水|1|0|0|0|0||0||0|0|0|0|0|0
1305|0|0|7|11||0|||英雄們的崛起 ‧ 火|2|0|0|0|0||0||0|0|0|0|0|0
1306|0|0|7|11||0|||英雄們的崛起 ‧ 木|3|0|0|0|0||0||0|0|0|0|0|0
1307|0|0|7|11||0|||英雄們的崛起 ‧ 光|4|0|0|0|0||0||0|0|0|0|0|0
1308|0|0|7|11||0|||英雄們的崛起 ‧ 暗|5|0|0|0|0||0||0|0|0|0|0|0
1309|0|0|9|1||0|||禁忌祈祭|7|0|13|400|1||0||0|0|0|0|205|0
1320|0|0|8|1||0|||沙僧之醉|47|12|121|40|0||0||0|0|0|0|0|-2047
1321|0|0|8|1||0|||金角與銀角之悲|47|12|122|40|0||0||0|0|0|0|0|-2047
1322|0|0|8|1||0|||豬八戒之戀|47|12|123|40|0||0||0|0|0|0|0|-2047
1323|0|0|8|1||0|||白骨精之善|47|12|124|40|0||0||0|0|0|0|0|-2047
1324|0|0|8|1||0|||蜘蛛精之痴|47|12|125|40|0||0||0|0|0|0|0|-2047
1328|0|0|7|11||0|||眾神的抉擇|8|0|0|0|0||0||0|0|0|0|0|0
1329|0|0|7|11||0|||妍希的覺悟|8|0|0|0|0||0||0|0|0|0|0|0
1349|0|0|7|22||0|||魔王的再臨|7|0|0|0|0||0||0|0|0|0|0|674
1350|0|0|7|22||0|||日月的撕咬者|7|0|0|0|0||0||0|0|0|0|0|703
1351|0|0|7|22||0|||日月的啃喰者|7|0|0|0|0||0||0|0|0|0|0|704
1352|0|0|7|22||0|||八腳馬騎士|7|0|0|0|0||0||0|0|0|0|0|739
1353|0|0|7|22||1|||操縱法則的魔王|7|0|0|0|0||0||0|0|0|0|0|742
1354|0|0|7|22||0|||世界啃蝕者|7|0|0|0|0||0||0|0|0|0|0|850
1366|0|0|7|11||0|||眾神的覺醒|30|0|0|0|0||0||0|0|0|0|0|0
1376|0|0|9|1||0|||狹縫之門 ‧ 燭龍|7|0|13|400|0||0||0|0|0|0|201|0
1380|0|0|31|1||0|||機械城之傳 ‧ 主線第一章|54|0|0|0|0||0||2|3|0|0|0|-2054
1381|0|0|31|1||0|||機械城之傳 ‧ 主線第二章|44|0|0|0|0||0||2|3|0|0|0|-2044
1382|0|0|31|1||0|||機械城之傳 ‧ 主線第三章|44|0|0|0|0||0||2|3|0|0|0|-2044
1383|0|0|31|1||0|||機械城之傳 ‧ 主線第四章|44|0|0|0|0||0||2|3|0|0|0|-2044
1384|0|0|31|1||0|||機械城之傳 ‧ 主線第五章|44|0|0|0|0||0||2|3|0|0|0|-2044
1385|0|0|31|1||0|||機械城之傳 ‧ 主線第六章|44|0|0|0|0||0||2|3|0|0|0|-2044
1386|0|0|32|1||0|||機械城之傳 ‧ 主線第七章|41|0|0|0|0||0||2|3|0|0|0|-2041
1387|0|0|32|1||0|||機械城之傳 ‧ 主線第八章|53|0|0|0|0||0||2|3|0|0|0|-2053
1388|0|0|32|1||0|||機械城之傳 ‧ 主線第九章|53|0|0|0|0||0||2|3|0|0|0|-2053
1389|0|0|32|1||0|||機械城之傳 ‧ 主線第十章|41|0|0|0|0||0||2|3|0|0|0|-2041
1390|0|0|32|1||0|||機械城之傳 ‧ 主線第十一章|41|0|0|0|0||0||2|3|0|0|0|-2041
1391|0|0|32|1||0|||機械城之傳 ‧ 主線第十二章|46|0|0|0|0||0||2|3|0|0|0|-2046
1392|0|0|31|1||0|||機械城之傳 ‧ 機偶篇第一章|41|0|0|0|0||0||2|1|0|0|0|-2041
1393|0|0|31|1||0|||機械城之傳 ‧ 機偶篇第二章|46|0|0|0|0||0||2|1|0|0|0|-2046
1394|0|0|32|1||0|||機械城之傳 ‧ 機偶篇第三章|44|0|0|0|0||0||2|1|0|0|0|-2044
1395|0|0|32|1||0|||機械城之傳 ‧ 機偶篇第四章|46|0|0|0|0||0||2|1|0|0|0|-2046
1396|0|0|31|1||0|||機械城之傳 ‧ 魔族賢者篇第一章|42|0|0|0|0||0||2|2|0|0|0|-2042
1397|0|0|31|1||0|||機械城之傳 ‧ 魔族賢者篇第二章|42|0|0|0|0||0||2|2|0|0|0|-2042
1398|0|0|32|1||0|||機械城之傳 ‧ 魔族賢者篇第三章|44|0|0|0|0||0||2|2|0|0|0|-2044
1399|0|0|32|1||0|||機械城之傳 ‧ 魔族賢者篇第四章|46|0|0|0|0||0||2|2|0|0|0|-2046
1400|0|0|32|1||0|||機械城之傳 ‧ 主線終章|46|0|0|0|0||0||2|3|0|0|0|-2046
1401|0|0|30|19||0|||遺跡特許 ‧ 銀白的身姿|33|0|0|0|0||0||0|0|0|0|0|0
1412|0|0|33|25||0|||女將大亂鬥！|8|0|0|0|1||0||0|0|0|0|0|0
1420|0|0|7|11||0|||拓撲學的邊界|36|0|0|0|0||0||0|0|0|0|0|0
1421|0|0|7|11||0|||數碼化通信|36|0|0|0|0||0||0|0|0|0|0|0
1422|0|0|7|11||0|||人工智慧之父|36|0|0|0|0||0||0|0|0|0|0|0
1423|0|0|7|11||0|||電磁操控|36|0|0|0|0||0||0|0|0|0|0|0
1424|0|0|7|11||0|||精神分析的創始|36|0|0|0|0||0||0|0|0|0|0|0
1425|0|0|7|11||0|||月宮的仙女|36|0|0|0|0||0||0|0|0|0|0|0
1426|0|0|7|11||0|||溫度的觀測|36|0|0|0|0||0||0|0|0|0|0|0
1427|0|0|7|11||0|||精確標記|36|0|0|0|0||0||0|0|0|0|0|0
1428|0|0|7|11||0|||星系天文學|36|0|0|0|0||0||0|0|0|0|0|0
1429|0|0|7|11||0|||始祖元素的引導|19|0|0|0|0||0||0|0|0|0|0|0
1453|0|0|7|11||0|||三清殿的洗禮|11|0|0|0|0||0||0|0|0|0|0|0
1455|0|0|7|11||0|||雷歐力的故事|3|0|0|0|0||0||0|0|0|0|0|0
1456|0|0|7|11||0|||比司吉的故事|3|0|0|0|0||0||0|0|0|0|0|0
1457|0|0|7|11||0|||小傑的故事|1|0|0|0|0||0||0|0|0|0|0|0
1458|0|0|7|11||0|||酷拉皮卡的故事|33|0|0|0|0||0||0|0|0|0|0|0
1459|0|0|7|11||0|||奇犽的故事|5|0|0|0|0||0||0|0|0|0|0|0
1460|0|0|7|11||0|||西索的故事|3|0|0|0|0||0||0|0|0|0|0|0
1461|0|0|7|11||0|||伊耳謎的故事|4|0|0|0|0||0||0|0|0|0|0|0
1462|0|0|30|19||0|||遺跡特許 ‧ 剽悍的鬥士|3|0|0|0|0||0||0|0|0|0|0|0
1466|0|0|9|1||0|||狹縫之門 ‧ 獅身人面獸|7|0|13|400|0||0||0|0|0|0|201|0
1478|0|0|7|11||0|||浦飯幽助的故事|11|0|0|0|0||0||0|0|0|0|0|0
1479|0|0|7|11||0|||幻海的故事|3|0|0|0|0||0||0|0|0|0|0|0
1480|0|0|7|11||0|||藏馬的故事|11|0|0|0|0||0||0|0|0|0|0|0
1481|0|0|7|11||0|||桑原和真的故事|11|0|0|0|0||0||0|0|0|0|0|0
1482|0|0|7|11||0|||飛影的故事|11|0|0|0|0||0||0|0|0|0|0|0
1483|0|0|7|11||0|||雷禪的故事|1|0|0|0|0||0||0|0|0|0|0|0
1484|0|0|7|11||0|||小閻王的故事|33|0|0|0|0||0||0|0|0|0|0|0
1485|0|0|7|11||0|||戶愚呂兄的故事|3|0|0|0|0||0||0|0|0|0|0|0
1486|0|0|7|11||0|||役使的終途|33|0|0|0|0||0||0|0|0|0|0|0
1499|0|0|7|11||0|||深海傳說|1|0|0|0|0||0||0|0|0|0|0|0
1500|0|0|7|11||0|||邪鬼陷阱|2|0|0|0|0||0||0|0|0|0|0|0
1501|0|0|7|11||0|||珍獸共鳴|3|0|0|0|0||0||0|0|0|0|0|0
1502|0|0|7|11||0|||血脈相殺|4|0|0|0|0||0||0|0|0|0|0|0
1503|0|0|7|11||0|||美食的追尋|5|0|0|0|0||0||0|0|0|0|0|0
1510|0|0|7|11||0|||機變的力量|46|0|0|0|0||0||0|0|0|0|0|0
1513|810|1514|35|1||0|||前往未知的異動之淵|64|0|0|0|0||0||0|0|0|0|0|-2064
1514|1513|1515|35|1||0|||屍骨的堆放|64|0|0|0|0||0||0|0|0|0|0|-2064
1515|1514|1516|35|1||0|||戰慄的咆哮|64|0|0|0|0||0||0|0|0|0|0|-2064
1516|1515|1517|35|1||0|||扭曲的殺意|64|0|0|0|0||0||0|0|0|0|0|-2064
1517|1516|1518|35|1||0|||被囚禁的殺獸|64|0|0|0|0||0||0|0|0|0|0|-2064
1518|1517|1519|36|1||0|||想望中的慶典燭光|65|0|0|0|0||0||0|0|0|0|0|-2065
1519|1518|1520|36|1||0|||飄盪的樂符|65|0|0|0|0||0||0|0|0|0|0|-2065
1520|1519|1521|36|1||0|||戛然而止的頌歌|65|0|0|0|0||0||0|0|0|0|0|-2065
1521|1520|1522|36|1||0|||化成攻擊的戰歌|65|0|0|0|0||0||0|0|0|0|0|-2065
1522|1521|1523|36|1||0|||妖精頌唱靈魂的歌謠|65|0|0|0|0||0||0|0|0|0|0|-2065
1523|1522|1524|37|1||0|||昔日的喜悅之火|66|0|0|0|0||0||0|0|0|0|0|-2066
1524|1523|1525|37|1||0|||眾生團結一致|66|0|0|0|0||0||0|0|0|0|0|-2066
1525|1524|1526|37|1||0|||突兀的異端|66|0|0|0|0||0||0|0|0|0|0|-2066
1526|1525|1527|37|1||0|||無法阻止的最壞行動|66|0|0|0|0||0||0|0|0|0|0|-2066
1527|1526|1536|37|1||0|||憐愛囚徒的守護之龍|66|0|0|0|0||0||0|0|0|0|0|-2066
1531|0|0|7|11||0|||安努的教誨|21|0|0|0|0||0||0|0|0|0|0|0
1536|1527|1537|38|1||0|||探進遙古的文明之城|67|0|0|0|0||0||0|0|0|0|0|-2067
1537|1536|1538|38|1||0|||機械族的生存意義|67|0|0|0|0||0||0|0|0|0|0|-2067
1538|1537|1539|38|1||0|||異端者的來歷 |67|0|0|0|0||0||0|0|0|0|0|-2067
1539|1538|1540|38|1||0|||不擇手段地搶奪|67|0|0|0|0||0||0|0|0|0|0|-2067
1540|1539|0|38|1||0|||粉碎重生者的憎恨|68|0|0|0|0||0||0|0|0|0|0|1871
1543|0|0|7|11||0|||生命靜止|8|0|0|0|0||0||0|0|0|3|0|0
1545|0|0|32|1||0|||崩序的虛空之間|39|0|0|0|0||0||2|3|0|0|0|-2039
1563|0|0|7|11||0|||和真的故事|69|0|0|0|0||0||0|0|0|0|0|0
1564|0|0|7|11||0|||阿克婭的故事|3|0|0|0|0||0||0|0|0|0|0|0
1565|0|0|7|11||0|||惠惠的故事|3|0|0|0|0||0||0|0|0|0|0|0
1566|0|0|7|11||0|||達克妮絲的故事|3|0|0|0|0||0||0|0|0|0|0|0
1567|0|0|7|11||0|||維茲的故事|7|0|0|0|0||0||0|0|0|0|0|0
1568|0|0|7|11||0|||芸芸的故事|4|0|0|0|0||0||0|0|0|0|0|0
1569|0|0|0|11||0|||克莉絲的故事|4|0|0|0|0||0||0|0|0|0|0|0
1570|0|0|7|11||0|||御剣響夜的故事|3|0|0|0|0||0||0|0|0|0|0|0
1571|0|0|7|11||0|||最強的挑戰|7|0|0|0|0||0||0|0|0|0|0|0
1587|0|0|8|1||0|||純白色的婚約|73|13|131|40|0||0||0|0|0|0|0|-2073
1588|0|0|8|1||0|||控制之愛|73|13|132|40|0||0||0|0|0|0|0|-2073
1589|0|0|8|1||0|||苦心所得的見證|73|13|133|40|0||0||0|0|0|0|0|-2073
1590|0|0|8|1||0|||隼鳥守護神|73|13|134|40|0||0||0|0|0|0|0|-2073
1591|0|0|8|1||0|||鳥語的情歌|73|13|135|40|0||0||0|0|0|0|0|-2073
1593|0|0|7|11||0|||械化的效應|46|0|0|0|0||0||0|0|0|0|0|0
1602|0|0|7|11||0|||舞台人品小爆發|0|0|0|0|1||0||0|0|0|0|0|0
1606|0|0|7|11||0|||枯萎的指尖|45|0|0|0|0||0||0|0|0|0|0|0
1607|0|0|0|11||0|||萬世魔沌|5|0|0|0|0||0||0|0|0|0|0|0
1609|0|0|7|11||0|||沉思後的悟醒|7|0|0|0|0||0||0|0|0|0|0|0
1613|0|0|30|19||0|||遺跡特許 ‧ 不甘之恨|16|0|0|0|0||0||0|0|0|0|0|0
1614|0|0|30|19||0|||遺跡特許 ‧ 海上的秘密交易|1|0|0|0|0||0||0|0|0|0|0|0
1615|0|0|30|19||0|||遺跡特許 ‧ 尋覓心的旅程|3|0|0|0|1||0||0|0|0|0|0|0
1616|0|0|30|19||0|||遺跡特許 ‧ 尋不回真我的下場|5|0|0|0|1||0||0|0|0|0|0|0
1617|0|0|30|19||0|||遺跡特許 ‧ 尋找思考的步伐|3|0|0|0|1||0||0|0|0|0|0|0
1618|0|0|30|19||0|||遺跡特許 ‧ 展開尋樂之旅|4|0|0|0|1||0||0|0|0|0|0|0
1619|0|0|30|19||0|||遺跡特許 ‧ 尋找勇氣之途|3|0|0|0|1||0||0|0|0|0|0|0
1620|0|0|30|19||0|||遺跡特許 ‧ 操控人心的墮落者 ‧ 水|1|0|0|0|1||0||0|0|0|0|0|0
1621|0|0|30|19||0|||遺跡特許 ‧ 操控人心的墮落者 ‧ 火|2|0|0|0|1||0||0|0|0|0|0|0
1622|0|0|30|19||0|||遺跡特許 ‧ 操控人心的墮落者 ‧ 木|3|0|0|0|1||0||0|0|0|0|0|0
1623|0|0|30|19||0|||遺跡特許 ‧ 操控人心的墮落者 ‧ 光|4|0|0|0|1||0||0|0|0|0|0|0
1624|0|0|30|19||0|||遺跡特許 ‧ 操控人心的墮落者 ‧ 暗|5|0|0|0|1||0||0|0|0|0|0|0
1625|0|0|30|19||0|||遺跡特許 ‧ 遠古神龍 ‧ 水|1|0|0|0|1||0||0|0|0|0|0|0
1626|0|0|30|19||0|||遺跡特許 ‧ 遠古神龍 ‧ 火|2|0|0|0|1||0||0|0|0|0|0|0
1627|0|0|30|19||0|||遺跡特許 ‧ 遠古神龍 ‧ 木|3|0|0|0|1||0||0|0|0|0|0|0
1628|0|0|30|19||0|||遺跡特許 ‧ 遠古神龍 ‧ 光|4|0|0|0|1||0||0|0|0|0|0|0
1629|0|0|30|19||0|||遺跡特許 ‧ 遠古神龍 ‧ 暗|5|0|0|0|1||0||0|0|0|0|0|0
1630|0|0|29|11||0|||公會戰紅(攻方)|48|0|0|0|0||0||0|0|0|0|0|0
1631|0|0|29|11||0|||公會戰紅(守方)|48|0|0|0|0||0||0|0|0|0|0|0
1632|0|0|29|11||0|||公會戰藍(攻方)|50|0|0|0|0||0||0|0|0|0|0|0
1633|0|0|29|11||0|||公會戰藍(守方)|50|0|0|0|0||0||0|0|0|0|0|0
1634|0|0|29|11||0|||公會戰綠(攻方)|49|0|0|0|0||0||0|0|0|0|0|0
1635|0|0|29|11||0|||公會戰綠(守方)|49|0|0|0|0||0||0|0|0|0|0|0
1636|0|0|29|11||0|||公會戰中立|51|0|0|0|0||0||0|0|0|0|0|0
1644|0|0|7|11||0|||絕望的降臨|76|0|0|0|0||0||0|0|0|3|0|0
1653|0|0|7|11||0|||露西的故事|27|0|0|0|0||0||0|0|0|0|0|0
1654|0|0|7|11||0|||納茲的故事|27|0|0|0|0||0||0|0|0|0|0|0
1655|0|0|7|11||0|||溫蒂的故事|3|0|0|0|0||0||0|0|0|0|0|0
1656|0|0|7|11||0|||艾爾莎的故事|53|0|0|0|0||0||0|0|0|0|0|0
1657|0|0|7|11||0|||戈吉爾的故事|19|0|0|0|0||0||0|0|0|0|0|0
1658|0|0|7|11||0|||格雷的故事|53|0|0|0|0||0||0|0|0|0|0|0
1659|0|0|7|11||0|||拉格薩斯的故事|41|0|0|0|0||0||0|0|0|0|0|0
1660|0|0|7|11||0|||米拉珍的故事|41|0|0|0|0||0||0|0|0|0|0|0
1663|0|0|30|19||0|||遺跡特許 ‧ 命途坎坷的妖怪 ‧ 水|15|0|0|0|1||0||0|0|0|0|0|0
1664|0|0|30|19||0|||遺跡特許 ‧ 命途坎坷的妖怪 ‧ 火|15|0|0|0|1||0||0|0|0|0|0|0
1665|0|0|30|19||0|||遺跡特許 ‧ 命途坎坷的妖怪 ‧ 木|15|0|0|0|1||0||0|0|0|0|0|0
1666|0|0|30|19||0|||遺跡特許 ‧ 命途坎坷的妖怪 ‧ 光|15|0|0|0|1||0||0|0|0|0|0|0
1667|0|0|30|19||0|||遺跡特許 ‧ 命途坎坷的妖怪 ‧ 暗|15|0|0|0|1||0||0|0|0|0|0|0
1668|0|0|30|19||0|||遺跡特許 ‧ 沉睡雪嶺的靈魂 ‧ 水|27|0|0|0|1||0||0|0|0|0|0|0
1669|0|0|30|19||0|||遺跡特許 ‧ 沉睡雪嶺的靈魂 ‧ 火|27|0|0|0|1||0||0|0|0|0|0|0
1670|0|0|30|19||0|||遺跡特許 ‧ 沉睡雪嶺的靈魂 ‧ 木|27|0|0|0|1||0||0|0|0|0|0|0
1671|0|0|30|19||0|||遺跡特許 ‧ 沉睡雪嶺的靈魂 ‧ 光|27|0|0|0|1||0||0|0|0|0|0|0
1672|0|0|30|19||0|||遺跡特許 ‧ 沉睡雪嶺的靈魂 ‧ 暗|27|0|0|0|1||0||0|0|0|0|0|0
1673|0|0|30|19||0|||遺跡特許 ‧ 英雄的淚|21|0|0|0|1||0||0|0|0|0|0|0
1674|0|0|30|19||0|||遺跡特許 ‧ 善惡之焰|21|0|0|0|1||0||0|0|0|0|0|0
1675|0|0|30|19||0|||遺跡特許 ‧ 綻放的花|21|0|0|0|1||0||0|0|0|0|0|0
1676|0|0|30|19||0|||遺跡特許 ‧ 母的遺憾|21|0|0|0|1||0||0|0|0|0|0|0
1677|0|0|30|19||0|||遺跡特許 ‧ 巫醫之念|21|0|0|0|1||0||0|0|0|0|0|0
1678|0|0|30|19||0|||遺跡特許 ‧ 西方魔獸的號叫|53|0|0|0|1||0||0|0|0|0|0|0
1679|0|0|29|11||0|||公會戰紅(攻方)|48|0|0|0|0||0||0|0|0|0|0|0
1680|0|0|29|11||0|||公會戰紅(守方)|48|0|0|0|0||0||0|0|0|0|0|0
1681|0|0|29|11||0|||公會戰藍(攻方)|50|0|0|0|0||0||0|0|0|0|0|0
1682|0|0|29|11||0|||公會戰藍(守方)|50|0|0|0|0||0||0|0|0|0|0|0
1683|0|0|29|11||0|||公會戰綠(攻方)|49|0|0|0|0||0||0|0|0|0|0|0
1684|0|0|29|11||0|||公會戰綠(守方)|49|0|0|0|0||0||0|0|0|0|0|0
1685|0|0|29|11||0|||公會戰中立|51|0|0|0|0||0||0|0|0|0|0|0
1686|0|0|7|11||0|||若水妍希|8|0|0|0|0||0||0|0|0|0|0|0
1687|0|0|7|11||0|||妍希如火|8|0|0|0|0||0||0|0|0|0|0|0
1688|0|0|7|11||0|||天竺修行 · 水|47|0|0|0|0||0||0|0|0|0|0|0
1689|0|0|7|11||0|||天竺修行 · 火|47|0|0|0|0||0||0|0|0|0|0|0
1690|0|0|7|11||0|||天竺修行 · 木|47|0|0|0|0||0||0|0|0|0|0|0
1691|0|0|7|11||0|||天竺修行 · 光|47|0|0|0|0||0||0|0|0|0|0|0
1692|0|0|7|11||0|||天竺修行 · 暗|47|0|0|0|0||0||0|0|0|0|0|0
1693|0|0|7|11||0|||攝大乘的教化|47|0|0|0|0||0||0|0|0|0|0|0
1708|0|0|7|11||0|||捍衛元配之權|11|0|0|0|0||0||0|0|0|0|0|0
1717|0|0|7|11||0|||離開古舊的世界|1|0|0|0|0||0||0|0|0|3|0|0
1728|0|0|9|1||0|||狹縫之門 ‧ 捨杜|7|0|13|400|0||0||0|0|0|0|305|0
1745|0|0|7|11||0|||英雄的啟示之光|27|0|0|0|0||0||0|0|0|0|0|0
1747|0|0|0|0||7|||新手教學|0|0|0|0|0||0||0|0|0|0|0|0
1752|0|0|9|1||0|||狹縫之門 ‧ 忠誠侍童|7|0|13|400|1||0||0|0|0|0|209|0
1790|0|0|30|19||0|||遺跡特許 ‧ 眾魔的帝君|22|0|0|0|0||0||0|0|0|0|0|0
1791|0|0|30|19||0|||遺跡特許 ‧ 傭兵的戰場 ‧ 水|1|0|0|0|1||0||0|0|0|0|0|0
1792|0|0|30|19||0|||遺跡特許 ‧ 傭兵的戰場 ‧ 火|7|0|0|0|1||0||0|0|0|0|0|0
1793|0|0|30|19||0|||遺跡特許 ‧ 傭兵的戰場 ‧ 木|3|0|0|0|1||0||0|0|0|0|0|0
1794|0|0|30|19||0|||遺跡特許 ‧ 傭兵的戰場 ‧ 光|4|0|0|0|1||0||0|0|0|0|0|0
1795|0|0|30|19||0|||遺跡特許 ‧ 傭兵的戰場 ‧ 暗|5|0|0|0|1||0||0|0|0|0|0|0
1796|0|0|30|19||0|||遺跡特許 ‧ 驚濤異族的恐怖|1|0|0|0|1||0||0|0|0|0|0|0
1797|0|0|30|19||0|||遺跡特許 ‧ 活火蔓延的恐怖|2|0|0|0|1||0||0|0|0|0|0|0
1798|0|0|30|19||0|||遺跡特許 ‧ 噬魂祖蟾的恐怖|3|0|0|0|1||0||0|0|0|0|0|0
1799|0|0|30|19||0|||遺跡特許 ‧ 異端古神的恐怖|4|0|0|0|1||0||0|0|0|0|0|0
1800|0|0|30|19||0|||遺跡特許 ‧ 星族異種的恐怖|5|0|0|0|1||0||0|0|0|0|0|0
1825|0|0|9|1||0|||狹縫之門 ‧ 刻律涅之獸|7|0|13|400|0||0||0|0|0|0|201|2128
1826|0|0|7|11||0|||冰河的故事|1|0|0|0|0||0||0|0|0|0|0|0
1827|0|0|7|11||0|||一輝的故事|2|0|0|0|0||0||0|0|0|0|0|0
1828|0|0|7|11||0|||紫龍的故事|2|0|0|0|0||0||0|0|0|0|0|0
1829|0|0|7|11||0|||星矢的故事|3|0|0|0|0||0||0|0|0|0|0|0
1830|0|0|7|11||0|||瞬的故事|3|0|0|0|0||0||0|0|0|0|0|0
1831|0|0|7|11||0|||卡妙的昇華|81|0|0|0|0||0||0|0|0|0|0|0
1832|0|0|7|11||0|||修羅的昇華|81|0|0|0|0||0||0|0|0|0|0|0
1833|0|0|7|11||0|||艾奧里亞的昇華|81|0|0|0|0||0||0|0|0|0|0|0
1834|0|0|7|11||0|||沙加的昇華|81|0|0|0|0||0||0|0|0|0|0|0
1835|0|0|7|11||0|||撒卡的昇華|81|0|0|0|0||0||0|0|0|0|0|0
1836|0|0|7|11||0|||希歐的昇華|81|0|0|0|0||0||0|0|0|0|0|0
1837|0|0|7|11||0|||穆的昇華|81|0|0|0|0||0||0|0|0|0|0|0
1838|0|0|7|11||0|||童虎的昇華|81|0|0|0|0||0||0|0|0|0|0|0
1839|0|0|7|11||0|||阿爾德巴朗的昇華|81|0|0|0|0||0||0|0|0|0|0|0
1840|0|0|7|11||0|||迪斯馬斯古的昇華|81|0|0|0|0||0||0|0|0|0|0|0
1841|0|0|7|11||0|||米羅的昇華|81|0|0|0|0||0||0|0|0|0|0|0
1842|0|0|7|11||0|||阿布羅狄的昇華|81|0|0|0|0||0||0|0|0|0|0|0
1843|0|0|7|11||0|||艾奧羅斯的昇華|81|0|0|0|0||0||0|0|0|0|0|0
1863|0|0|42|29||0|||【特硃】迎面對決 ‧ 水|39|0|0|0|0|SS 級 - 75000 分char(10)S 級 - 60000 分char(10)A 級 - 45000 分char(10)B 級 - 30000 分char(10)C 級 - 15000 分char(10)D 級 - < 15000 分|99||0|0|0|0|0|-2039
1864|0|0|42|29||0|||【特硃】迎面對決 ‧ 火|2|0|0|0|0|SS 級 - 75000 分char(10)S 級 - 60000 分char(10)A 級 - 45000 分char(10)B 級 - 30000 分char(10)C 級 - 15000 分char(10)D 級 - < 15000 分|98||0|0|0|0|0|-2040
1865|0|0|42|29||0|||【特硃】迎面對決 ‧ 木|3|0|0|0|0|SS 級 - 75000 分char(10)S 級 - 60000 分char(10)A 級 - 45000 分char(10)B 級 - 30000 分char(10)C 級 - 15000 分char(10)D 級 - < 15000 分|97||0|0|0|0|0|-2041
1866|0|0|33|25||0|||2019 粉絲聚團體戰 |4|0|0|0|0||0||0|0|0|0|0|0
1868|0|0|7|22||0|||天使長的遺願|7|0|0|0|0||0||0|0|0|0|0|998
1869|0|0|7|22||0|||法則的平衡|7|0|0|0|0||0||0|0|0|0|0|1188
1870|0|0|7|11||0|||千變萬化的電流|66|0|0|0|0||0||0|0|0|3|0|0
1871|0|0|7|11||0|||墮天使的審判|22|0|0|0|0||0||0|0|0|0|0|0
1872|0|0|7|11||0|||扭曲的墮天使|42|0|0|0|0||0||0|0|0|0|0|0
1873|0|0|7|11||0|||媚惑的墮天使|42|0|0|0|0||0||0|0|0|0|0|0
1874|0|0|7|11||0|||神祕的墮天使|41|0|0|0|0||99||0|0|0|0|0|0
1875|0|0|7|11||0|||光明的墮天使|44|0|0|0|0||0||0|0|0|0|0|0
1876|0|0|7|11||0|||黑暗的墮天使|40|0|0|0|0||0||0|0|0|0|0|0
1877|0|0|7|11||0|||絕望的墮天使|39|0|0|0|0||0||0|0|0|0|0|0
1878|0|0|7|11||0|||欲望的墮天使|41|0|0|0|0||0||0|0|0|0|0|0
1879|0|0|7|11||0|||謊言的墮天使|42|0|0|0|0||0||0|0|0|0|0|0
1894|0|0|7|11||0|||騰空吐火的厲姿|40|0|0|0|0||0||0|0|0|3|0|0
1906|0|0|42|29||0|||直播比賽 鋼爪送葬|66|0|0|0|0||0||0|0|0|0|0|1938
1907|0|0|42|29||0|||直播比賽 藥到命除|19|0|0|0|0||0||0|0|0|0|0|1937
1908|0|0|42|29||0|||直播比賽 斷頭台|4|0|0|0|0||0||0|0|0|0|0|1816
1909|0|0|7|6||0|||無盡的極限挑戰|30|0|0|0|0|<color=#ffff80ff>首次通過指定關卡獎賞如下：</color>char(10)『暗魅之難關』- 可口羊駝 1 套char(10)『火媚之難關』-「創曆者 ‧ 瑪雅」全新造型char(10)『水幻之難關』- 布蘭克之匙 50 把char(10)『木穆之難關』- 瘋頭 1 隻char(10)『光耀之難關』- 人面怪鳥 1 隻 + 全新稱號「五屬制霸」+ 魔法石 1 粒char(10)char(10)*每個獎賞只能獲得一次|10||0|0|5|1|0|-2030
1905|0|0|7|6||0|1561305600|1564329600|連鎖罪落|22|0|0|0|0|<color=#ffff80ff>首次通過指定層數獎賞如下：</color>char(10)第 3 層 – 熾焰萬年靈魂石 5 隻char(10)第 6 層 – 鬥士羊駝 2 隻char(10)第 9 層 – 布蘭克之匙 30 把char(10)第 12 層 – 500 個靈魂char(10)第 15 層 – 審判魔人 1 隻char(10)第 18 層 –人面怪鳥 1 隻char(10)char(10)*每個獎賞只能獲得一次|11||0|0|5|1|0|2086
1897|0|0|7|4||0|1563724800|1564329600|振滔洪水以薄空桑|11|0|0|0|1|<color=#00ffffff>尋找母親的稚心 戰慄級 評級資訊</color>char(10)SS 級 - 75000 分char(10)S 級 - 60000 分char(10)A 級 - 45000 分char(10)B 級 - 30000 分char(10)C 級 - 15000 分char(10)D 級 - < 15000 分|60||0|0|5|1|0|2141
1117|0|0|7|4||0|1497801600|1609430400|自我鍛鍊 ‧ 經驗值關卡|0|0|0|0|0||99|1@1,2@149|0|0|3|0|0|-1017
1093|0|0|7|4||0|1498406400|1609430400|與學者的訓練|0|0|0|0|1||10||0|0|3|0|0|-1015
949|0|0|7|4||0|1563120000|1564329600|物靈附身 ‧ 暗|15|0|0|0|0||50||0|0|2|1|0|1260
1887|0|0|7|4|29|0|1563120000|1564329600|面惡心善的仙將|11|0|0|0|0||40||0|0|2|1|0|2144
1573|0|0|7|27|1,6|0|1563724800|1563811200|捕捉靈魂石 ‧ 水|7|0|0|0|1||20||0|0|6|0|0|-1001
122|0|0|7|20|1,6|0|1563724800|1563811200|魔物巢穴之日|0|0|0|0|0||20||0|0|6|0|0|-1009
36|0|0|7|20|1,4|9|1563724800|1563811200|尋找水晶之日|0|0|0|0|0||20||0|0|6|0|0|-1008
35|0|0|7|20|1,3|8|1563724800|1563811200|狩獵珍獸之日|0|0|0|0|0||20||0|0|6|0|0|-1007
34|0|0|7|20|1,2|10|1563724800|1563811200|魔劍降臨之日|0|0|0|0|0||20||0|0|6|0|0|-1006
1904|0|0|7|8||0|1563465600|1564070400|火龍使木子萱|8|0|0|0|0||60||0|0|3|0|0|6276
1036|0|0|7|8||0|1489939200|1609430400|碑紋秘力的波動|0|0|0|0|0||98||0|0|3|0|0|287